Number of nodes 871 
     0 : -4.0000000e+00  1.0000000e+00 
     1 : -3.7500000e+00  1.0000000e+00 
     2 :  5.8500000e+00  1.2500000e+00 
     3 :  4.3500000e+00  6.0000000e+00 
     4 :  4.0000000e+00  6.0000000e+00 
     5 : -4.7375887e-01  5.0581560e+00 
     6 : -6.0000000e-01  5.5000000e+00 
     7 : -1.0000000e+00  5.5000000e+00 
     8 : -8.3193277e-01  4.9117647e+00 
     9 : -4.0000000e+00  1.5000000e+00 
    10 : -3.7500000e+00  1.1179012e+00 
    11 : -3.6170213e-02  2.1265957e+00 
    12 :  0.0000000e+00  2.0000000e+00 
    13 :  4.0000000e-01  2.0000000e+00 
    14 :  3.4912536e-01  2.1780612e+00 
    15 :  4.2394626e+00  5.2417018e+00 
    16 :  5.5000000e+00  1.2500000e+00 
    17 : -1.0195759e-01  2.3568515e+00 
    18 : -3.7500000e+00  1.3209877e+00 
    19 : -3.7500000e+00  1.4186567e+00 
    20 : -7.5383361e-01  4.6384176e+00 
    21 : -3.9381720e-01  4.7783602e+00 
    22 :  4.0752953e+00  5.7615650e+00 
    23 :  4.1138492e+00  5.6394776e+00 
    24 :  2.5511596e-01  2.5070941e+00 
    25 : -3.9171461e+00  1.0000000e+00 
    26 : -3.8338253e+00  1.0000000e+00 
    27 :  5.8178674e+00  1.3517532e+00 
    28 :  5.7855259e+00  1.4541679e+00 
    29 :  5.7529652e+00  1.5572768e+00 
    30 :  5.7201778e+00  1.6611035e+00 
    31 :  5.6871596e+00  1.7656613e+00 
    32 :  5.6539099e+00  1.8709520e+00 
    33 :  5.6204319e+00  1.9769658e+00 
    34 :  5.5867328e+00  2.0836796e+00 
    35 :  5.5528241e+00  2.1910571e+00 
    36 :  5.5187215e+00  2.2990487e+00 
    37 :  5.4844449e+00  2.4075911e+00 
    38 :  5.4500184e+00  2.5166085e+00 
    39 :  5.4154696e+00  2.6260130e+00 
    40 :  5.3808294e+00  2.7357070e+00 
    41 :  5.3461312e+00  2.8455846e+00 
    42 :  5.3114103e+00  2.9555341e+00 
    43 :  5.2767029e+00  3.0654407e+00 
    44 :  5.2420453e+00  3.1751897e+00 
    45 :  5.2074730e+00  3.2846689e+00 
    46 :  5.1730196e+00  3.3937712e+00 
    47 :  5.1387165e+00  3.5023978e+00 
    48 :  5.1045918e+00  3.6104593e+00 
    49 :  5.0706701e+00  3.7178779e+00 
    50 :  5.0369721e+00  3.8245882e+00 
    51 :  5.0035143e+00  3.9305381e+00 
    52 :  4.9703089e+00  4.0356885e+00 
    53 :  4.9373641e+00  4.1400137e+00 
    54 :  4.9046841e+00  4.2435004e+00 
    55 :  4.8722694e+00  4.3461471e+00 
    56 :  4.8401169e+00  4.4479631e+00 
    57 :  4.8082206e+00  4.5489680e+00 
    58 :  4.7765716e+00  4.6491900e+00 
    59 :  4.7451583e+00  4.7486653e+00 
    60 :  4.7139673e+00  4.8474369e+00 
    61 :  4.6829829e+00  4.9455541e+00 
    62 :  4.6521880e+00  5.0430714e+00 
    63 :  4.6215638e+00  5.1400480e+00 
    64 :  4.5910904e+00  5.2365472e+00 
    65 :  4.5607466e+00  5.3326357e+00 
    66 :  4.5305104e+00  5.4283836e+00 
    67 :  4.5003587e+00  5.5238640e+00 
    68 :  4.4702676e+00  5.6191527e+00 
    69 :  4.4402122e+00  5.7143281e+00 
    70 :  4.4101669e+00  5.8094714e+00 
    71 :  4.3801053e+00  5.9046665e+00 
    72 :  4.2630625e+00  6.0000000e+00 
    73 :  4.1757784e+00  6.0000000e+00 
    74 :  4.0881052e+00  6.0000000e+00 
    75 :  3.9014498e+00  5.9792526e+00 
    76 :  3.8022728e+00  5.9583732e+00 
    77 :  3.7024046e+00  5.9373483e+00 
    78 :  3.6017794e+00  5.9161641e+00 
    79 :  3.5003310e+00  5.8948065e+00 
    80 :  3.3979918e+00  5.8732614e+00 
    81 :  3.2946936e+00  5.8515144e+00 
    82 :  3.1903674e+00  5.8295510e+00 
    83 :  3.0849433e+00  5.8073565e+00 
    84 :  2.9783513e+00  5.7849161e+00 
    85 :  2.8705209e+00  5.7622149e+00 
    86 :  2.7613819e+00  5.7392383e+00 
    87 :  2.6508648e+00  5.7159715e+00 
    88 :  2.5389012e+00  5.6924002e+00 
    89 :  2.4254244e+00  5.6685104e+00 
    90 :  2.3103715e+00  5.6442887e+00 
    91 :  2.1936820e+00  5.6197225e+00 
    92 :  2.0753013e+00  5.5948003e+00 
    93 :  1.9551812e+00  5.5695118e+00 
    94 :  1.8332813e+00  5.5438487e+00 
    95 :  1.7095714e+00  5.5178045e+00 
    96 :  1.5840330e+00  5.4913754e+00 
    97 :  1.4566618e+00  5.4645604e+00 
    98 :  1.3274694e+00  5.4373620e+00 
    99 :  1.1964861e+00  5.4097866e+00 
   100 :  1.0637626e+00  5.3818448e+00 
   101 :  9.2937193e-01  5.3535520e+00 
   102 :  7.9341066e-01  5.3249286e+00 
   103 :  6.5599991e-01  5.2960000e+00 
   104 :  5.1728526e-01  5.2667969e+00 
   105 :  3.7743576e-01  5.2373549e+00 
   106 :  2.3664205e-01  5.2077141e+00 
   107 :  9.5113376e-02  5.1779186e+00 
   108 : -4.6926412e-02  5.1480155e+00 
   109 : -1.8924362e-01  5.1180540e+00 
   110 : -3.3160010e-01  5.0880842e+00 
   111 : -5.0577633e-01  5.1702172e+00 
   112 : -5.3746075e-01  5.2811126e+00 
   113 : -5.6885436e-01  5.3909903e+00 
   114 : -7.3444064e-01  5.5000000e+00 
   115 : -8.6782259e-01  5.5000000e+00 
   116 : -9.6709880e-01  5.3848458e+00 
   117 : -9.3389257e-01  5.2686240e+00 
   118 : -9.0033002e-01  5.1511551e+00 
   119 : -8.6636017e-01  5.0322606e+00 
   120 : -9.3013734e-01  4.8060059e+00 
   121 : -1.0287080e+00  4.6998529e+00 
   122 : -1.1276196e+00  4.5933328e+00 
   123 : -1.2268328e+00  4.4864878e+00 
   124 : -1.3262943e+00  4.3793754e+00 
   125 : -1.4259362e+00  4.2720687e+00 
   126 : -1.5256769e+00  4.1646556e+00 
   127 : -1.6254223e+00  4.0572376e+00 
   128 : -1.7250668e+00  3.9499281e+00 
   129 : -1.8244961e+00  3.8428504e+00 
   130 : -1.9235896e+00  3.7361343e+00 
   131 : -2.0222235e+00  3.6299132e+00 
   132 : -2.1202739e+00  3.5243204e+00 
   133 : -2.2176202e+00  3.4194860e+00 
   134 : -2.3141479e+00  3.3155330e+00 
   135 : -2.4097516e+00  3.2125752e+00 
   136 : -2.5043370e+00  3.1107140e+00 
   137 : -2.5978225e+00  3.0100373e+00 
   138 : -2.6901405e+00  2.9106179e+00 
   139 : -2.7812375e+00  2.8125134e+00 
   140 : -2.8710742e+00  2.7157662e+00 
   141 : -2.9596250e+00  2.6204038e+00 
   142 : -3.0468769e+00  2.5264403e+00 
   143 : -3.1328287e+00  2.4338768e+00 
   144 : -3.2174893e+00  2.3427038e+00 
   145 : -3.3008771e+00  2.2529016e+00 
   146 : -3.3830177e+00  2.1644424e+00 
   147 : -3.4639436e+00  2.0772915e+00 
   148 : -3.5436925e+00  1.9914081e+00 
   149 : -3.6223060e+00  1.9067474e+00 
   150 : -3.6998295e+00  1.8232606e+00 
   151 : -3.7763105e+00  1.7408964e+00 
   152 : -3.8517987e+00  1.6596014e+00 
   153 : -3.9263447e+00  1.5793211e+00 
   154 : -4.0000000e+00  1.3983838e+00 
   155 : -4.0000000e+00  1.2976173e+00 
   156 : -4.0000000e+00  1.1976623e+00 
   157 : -4.0000000e+00  1.0984737e+00 
   158 : -3.7500000e+00  1.0588244e+00 
   159 : -3.6483199e+00  1.1455181e+00 
   160 : -3.5455541e+00  1.1734298e+00 
   161 : -3.4416162e+00  1.2016598e+00 
   162 : -3.3364169e+00  1.2302325e+00 
   163 : -3.2298632e+00  1.2591730e+00 
   164 : -3.1218593e+00  1.2885073e+00 
   165 : -3.0123060e+00  1.3182626e+00 
   166 : -2.9011011e+00  1.3484664e+00 
   167 : -2.7881395e+00  1.3791473e+00 
   168 : -2.6733139e+00  1.4103345e+00 
   169 : -2.5565142e+00  1.4420579e+00 
   170 : -2.4376330e+00  1.4743466e+00 
   171 : -2.3165579e+00  1.5072312e+00 
   172 : -2.1931817e+00  1.5407408e+00 
   173 : -2.0674001e+00  1.5749037e+00 
   174 : -1.9391149e+00  1.6097466e+00 
   175 : -1.8082377e+00  1.6452935e+00 
   176 : -1.6746924e+00  1.6815650e+00 
   177 : -1.5384208e+00  1.7185771e+00 
   178 : -1.3993870e+00  1.7563393e+00 
   179 : -1.2575832e+00  1.7948539e+00 
   180 : -1.1130357e+00  1.8341138e+00 
   181 : -9.6581087e-01  1.8741008e+00 
   182 : -8.1602118e-01  1.9147844e+00 
   183 : -6.6382955e-01  1.9561204e+00 
   184 : -5.0945257e-01  1.9980499e+00 
   185 : -3.5316101e-01  2.0404995e+00 
   186 : -1.9527744e-01  2.0833814e+00 
   187 :  1.3364479e-01  2.0000000e+00 
   188 :  2.6705461e-01  2.0000000e+00 
   189 :  3.7469593e-01  2.0885643e+00 
   190 :  4.8131607e-01  2.2821614e+00 
   191 :  6.1392594e-01  2.3865917e+00 
   192 :  7.4657974e-01  2.4910565e+00 
   193 :  8.7889398e-01  2.5952540e+00 
   194 :  1.0104912e+00  2.6988868e+00 
   195 :  1.1410141e+00  2.8016736e+00 
   196 :  1.2701371e+00  2.9033580e+00 
   197 :  1.3975763e+00  3.0037164e+00 
   198 :  1.5230947e+00  3.1025621e+00 
   199 :  1.6465048e+00  3.1997475e+00 
   200 :  1.7676681e+00  3.2951637e+00 
   201 :  1.8864924e+00  3.3887378e+00 
   202 :  2.0029265e+00  3.4804296e+00 
   203 :  2.1169552e+00  3.5702272e+00 
   204 :  2.2285934e+00  3.6581423e+00 
   205 :  2.3378804e+00  3.7442058e+00 
   206 :  2.4448744e+00  3.8284636e+00 
   207 :  2.5496482e+00  3.9109729e+00 
   208 :  2.6522849e+00  3.9917994e+00 
   209 :  2.7528751e+00  4.0710141e+00 
   210 :  2.8515135e+00  4.1486918e+00 
   211 :  2.9482971e+00  4.2249090e+00 
   212 :  3.0433242e+00  4.2997428e+00 
   213 :  3.1366917e+00  4.3732697e+00 
   214 :  3.2284957e+00  4.4455653e+00 
   215 :  3.3188296e+00  4.5167033e+00 
   216 :  3.4077846e+00  4.5867554e+00 
   217 :  3.4954492e+00  4.6557912e+00 
   218 :  3.5819084e+00  4.7238779e+00 
   219 :  3.6672447e+00  4.7910802e+00 
   220 :  3.7515372e+00  4.8574606e+00 
   221 :  3.8348624e+00  4.9230792e+00 
   222 :  3.9172937e+00  4.9879938e+00 
   223 :  3.9989021e+00  5.0522604e+00 
   224 :  4.0797560e+00  5.1159328e+00 
   225 :  4.1599214e+00  5.1790631e+00 
   226 :  4.2696113e+00  5.1462310e+00 
   227 :  4.2998881e+00  5.0503543e+00 
   228 :  4.3303121e+00  4.9540118e+00 
   229 :  4.3609007e+00  4.8571479e+00 
   230 :  4.3916700e+00  4.7597117e+00 
   231 :  4.4226344e+00  4.6616578e+00 
   232 :  4.4538063e+00  4.5629468e+00 
   233 :  4.4851959e+00  4.4635462e+00 
   234 :  4.5168112e+00  4.3634310e+00 
   235 :  4.5486574e+00  4.2625850e+00 
   236 :  4.5807365e+00  4.1610011e+00 
   237 :  4.6130476e+00  4.0586824e+00 
   238 :  4.6455864e+00  3.9556432e+00 
   239 :  4.6783445e+00  3.8519090e+00 
   240 :  4.7113103e+00  3.7475173e+00 
   241 :  4.7444680e+00  3.6425179e+00 
   242 :  4.7777984e+00  3.5369718e+00 
   243 :  4.8112784e+00  3.4309517e+00 
   244 :  4.8448820e+00  3.3245402e+00 
   245 :  4.8785804e+00  3.2178287e+00 
   246 :  4.9123425e+00  3.1109155e+00 
   247 :  4.9461357e+00  3.0039036e+00 
   248 :  4.9799267e+00  2.8968988e+00 
   249 :  5.0136822e+00  2.7900064e+00 
   250 :  5.0473696e+00  2.6833296e+00 
   251 :  5.0809580e+00  2.5769665e+00 
   252 :  5.1144184e+00  2.4710083e+00 
   253 :  5.1477250e+00  2.3655375e+00 
   254 :  5.1808549e+00  2.2606263e+00 
   255 :  5.2137887e+00  2.1563359e+00 
   256 :  5.2465109e+00  2.0527155e+00 
   257 :  5.2790097e+00  1.9498026e+00 
   258 :  5.3112770e+00  1.8476227e+00 
   259 :  5.3433085e+00  1.7461896e+00 
   260 :  5.3751032e+00  1.6455066e+00 
   261 :  5.4066632e+00  1.5455666e+00 
   262 :  5.4379937e+00  1.4463533e+00 
   263 :  5.4691026e+00  1.3478419e+00 
   264 :  5.5869898e+00  1.2500000e+00 
   265 :  5.6742886e+00  1.2500000e+00 
   266 :  5.7619429e+00  1.2500000e+00 
   267 : -2.6425745e-01  2.3107664e+00 
   268 : -4.2519844e-01  2.2650671e+00 
   269 : -5.8437919e-01  2.2198676e+00 
   270 : -7.4145327e-01  2.1752664e+00 
   271 : -8.9613515e-01  2.1313443e+00 
   272 : -1.0482021e+00  2.0881648e+00 
   273 : -1.1974925e+00  2.0457737e+00 
   274 : -1.3439009e+00  2.0042010e+00 
   275 : -1.4873723e+00  1.9634622e+00 
   276 : -1.6278948e+00  1.9235607e+00 
   277 : -1.7654924e+00  1.8844898e+00 
   278 : -1.9002175e+00  1.8462345e+00 
   279 : -2.0321454e+00  1.8087735e+00 
   280 : -2.1613680e+00  1.7720807e+00 
   281 : -2.2879891e+00  1.7361265e+00 
   282 : -2.4121212e+00  1.7008792e+00 
   283 : -2.5338809e+00  1.6663054e+00 
   284 : -2.6533886e+00  1.6323711e+00 
   285 : -2.7707643e+00  1.5990422e+00 
   286 : -2.8861272e+00  1.5662849e+00 
   287 : -2.9995947e+00  1.5340657e+00 
   288 : -3.1112817e+00  1.5023521e+00 
   289 : -3.2212997e+00  1.4711124e+00 
   290 : -3.3297564e+00  1.4403161e+00 
   291 : -3.4367563e+00  1.4099334e+00 
   292 : -3.5423996e+00  1.3799359e+00 
   293 : -3.6467832e+00  1.3502961e+00 
   294 : -3.6747756e+00  1.4994949e+00 
   295 : -3.5985359e+00  1.5814241e+00 
   296 : -3.5212188e+00  1.6645112e+00 
   297 : -3.4427618e+00  1.7488231e+00 
   298 : -3.3631034e+00  1.8344262e+00 
   299 : -3.2821837e+00  1.9213847e+00 
   300 : -3.1999446e+00  2.0097610e+00 
   301 : -3.1163318e+00  2.0996136e+00 
   302 : -3.0312955e+00  2.1909959e+00 
   303 : -2.9447921e+00  2.2839548e+00 
   304 : -2.8567859e+00  2.3785286e+00 
   305 : -2.7672511e+00  2.4747451e+00 
   306 : -2.6761738e+00  2.5726192e+00 
   307 : -2.5835540e+00  2.6721510e+00 
   308 : -2.4894078e+00  2.7733229e+00 
   309 : -2.3937697e+00  2.8760983e+00 
   310 : -2.2966934e+00  2.9804190e+00 
   311 : -2.1982538e+00  3.0862048e+00 
   312 : -2.0985465e+00  3.1933530e+00 
   313 : -1.9976874e+00  3.3017389e+00 
   314 : -1.8958114e+00  3.4112176e+00 
   315 : -1.7930692e+00  3.5216271e+00 
   316 : -1.6896238e+00  3.6327923e+00 
   317 : -1.5856458e+00  3.7445298e+00 
   318 : -1.4813088e+00  3.8566532e+00 
   319 : -1.3767837e+00  3.9689787e+00 
   320 : -1.2722340e+00  4.0813307e+00 
   321 : -1.1678112e+00  4.1935462e+00 
   322 : -1.0636516e+00  4.3054789e+00 
   323 : -9.5987328e-01  4.4170018e+00 
   324 : -8.5657460e-01  4.5280094e+00 
   325 : -7.1186313e-01  4.4915210e+00 
   326 : -6.6902854e-01  4.3415999e+00 
   327 : -6.2528975e-01  4.1885141e+00 
   328 : -5.8062712e-01  4.0321949e+00 
   329 : -5.3504774e-01  3.8726671e+00 
   330 : -4.8859160e-01  3.7100706e+00 
   331 : -4.4133672e-01  3.5446785e+00 
   332 : -3.9340180e-01  3.3769063e+00 
   333 : -3.4494491e-01  3.2073072e+00 
   334 : -2.9615717e-01  3.0365501e+00 
   335 : -2.4725136e-01  2.8653797e+00 
   336 : -1.9844692e-01  2.6945642e+00 
   337 : -1.4995373e-01  2.5248381e+00 
   338 : -2.4834677e-01  4.8103637e+00 
   339 : -1.0291895e-01  4.8423578e+00 
   340 :  4.2200873e-02  4.8742842e+00 
   341 :  1.8675213e-01  4.9060855e+00 
   342 :  3.3048552e-01  4.9377068e+00 
   343 :  4.7316872e-01  4.9690971e+00 
   344 :  6.1459106e-01  5.0002100e+00 
   345 :  7.5456699e-01  5.0310047e+00 
   346 :  8.9293829e-01  5.0614464e+00 
   347 :  1.0295749e+00  5.0915065e+00 
   348 :  1.1643748e+00  5.1211625e+00 
   349 :  1.2972628e+00  5.1503978e+00 
   350 :  1.4281889e+00  5.1792016e+00 
   351 :  1.5571256e+00  5.2075676e+00 
   352 :  1.6840659e+00  5.2354945e+00 
   353 :  1.8090201e+00  5.2629844e+00 
   354 :  1.9320138e+00  5.2900430e+00 
   355 :  2.0530845e+00  5.3166786e+00 
   356 :  2.1722806e+00  5.3429017e+00 
   357 :  2.2896580e+00  5.3687248e+00 
   358 :  2.4052792e+00  5.3941614e+00 
   359 :  2.5192113e+00  5.4192265e+00 
   360 :  2.6315255e+00  5.4439356e+00 
   361 :  2.7422943e+00  5.4683047e+00 
   362 :  2.8515922e+00  5.4923503e+00 
   363 :  2.9594947e+00  5.5160888e+00 
   364 :  3.0660768e+00  5.5395369e+00 
   365 :  3.1714135e+00  5.5627110e+00 
   366 :  3.2755792e+00  5.5856274e+00 
   367 :  3.3786473e+00  5.6083024e+00 
   368 :  3.4806898e+00  5.6307518e+00 
   369 :  3.5817779e+00  5.6529911e+00 
   370 :  3.6819812e+00  5.6750359e+00 
   371 :  3.7813682e+00  5.6969010e+00 
   372 :  3.8800058e+00  5.7186013e+00 
   373 :  3.9779600e+00  5.7401512e+00 
   374 :  4.0945731e+00  5.7005185e+00 
   375 :  4.0350549e+00  5.5755152e+00 
   376 :  3.9557529e+00  5.5111406e+00 
   377 :  3.8758781e+00  5.4463011e+00 
   378 :  3.7953639e+00  5.3809424e+00 
   379 :  3.7141409e+00  5.3150085e+00 
   380 :  3.6321377e+00  5.2484412e+00 
   381 :  3.5492797e+00  5.1811800e+00 
   382 :  3.4654896e+00  5.1131622e+00 
   383 :  3.3806866e+00  5.0443220e+00 
   384 :  3.2947863e+00  4.9745913e+00 
   385 :  3.2077010e+00  4.9038984e+00 
   386 :  3.1193386e+00  4.8321690e+00 
   387 :  3.0296033e+00  4.7593250e+00 
   388 :  2.9383951e+00  4.6852854e+00 
   389 :  2.8456101e+00  4.6099658e+00 
   390 :  2.7511406e+00  4.5332788e+00 
   391 :  2.6548755e+00  4.4551342e+00 
   392 :  2.5567013e+00  4.3754399e+00 
   393 :  2.4565025e+00  4.2941020e+00 
   394 :  2.3541635e+00  4.2110268e+00 
   395 :  2.2495704e+00  4.1261219e+00 
   396 :  2.1426140e+00  4.0392984e+00 
   397 :  2.0331929e+00  3.9504742e+00 
   398 :  1.9212179e+00  3.8595769e+00 
   399 :  1.8066179e+00  3.7665487e+00 
   400 :  1.6893458e+00  3.6713513e+00 
   401 :  1.5693861e+00  3.5739722e+00 
   402 :  1.4467634e+00  3.4744314e+00 
   403 :  1.3215505e+00  3.3727880e+00 
   404 :  1.1938763e+00  3.2691467e+00 
   405 :  1.0639324e+00  3.1636628e+00 
   406 :  9.3197608e-01  3.0565453e+00 
   407 :  7.9832986e-01  2.9480560e+00 
   408 :  6.6337595e-01  2.8385052e+00 
   409 :  5.2754494e-01  2.7282424e+00 
   410 :  3.9129975e-01  2.6176433e+00 
   411 :  2.0698006e-01  2.6755698e+00 
   412 :  1.5841714e-01  2.8455400e+00 
   413 :  1.0962912e-01  3.0162981e+00 
   414 :  6.0833481e-02  3.1870828e+00 
   415 :  1.2247442e-02  3.3571340e+00 
   416 : -3.5927860e-02  3.5257475e+00 
   417 : -8.3520388e-02  3.6923214e+00 
   418 : -1.3039557e-01  3.8563845e+00 
   419 : -1.7645956e-01  4.0176084e+00 
   420 : -2.2165798e-01  4.1758029e+00 
   421 : -2.6597172e-01  4.3309010e+00 
   422 : -3.0941104e-01  4.4829386e+00 
   423 : -3.5200931e-01  4.6320326e+00 
   424 :  4.4079874e+00  5.5435160e+00 
   425 :  4.1176584e+00  5.5504844e+00 
   426 :  4.1615318e+00  5.6780742e+00 
   427 :  4.1477775e+00  5.2789112e+00 
   428 :  4.2167357e+00  5.9259757e+00 
   429 :  4.2225849e+00  5.3387860e+00 
   430 :  3.8869337e+00  5.3522381e+00 
   431 :  3.7285936e+00  5.2076338e+00 
   432 :  3.5659622e+00  5.0750104e+00 
   433 :  3.3984964e+00  4.9196257e+00 
   434 :  5.6435625e+00  1.3201006e+00 
   435 :  4.3353610e+00  5.2171746e+00 
   436 :  4.3983334e+00  5.0284673e+00 
   437 : -6.4143895e-01  5.3054979e+00 
   438 :  4.4604198e+00  4.8349985e+00 
   439 :  3.2209350e+00  4.7915256e+00 
   440 :  4.5234220e+00  4.6392081e+00 
   441 : -3.8647161e+00  1.0678559e+00 
   442 : -5.8424590e-01  5.0872086e+00 
   443 :  4.5873964e+00  4.4407706e+00 
   444 :  5.5079458e+00  1.5229970e+00 
   445 : -5.5492329e-01  4.9739063e+00 
   446 :  3.0451375e+00  4.6462152e+00 
   447 :  4.6523517e+00  4.2394735e+00 
   448 :  5.4460782e+00  1.7232815e+00 
   449 :  4.7182396e+00  4.0352436e+00 
   450 :  4.3427930e+00  5.7358798e+00 
   451 :  5.3833104e+00  1.9265549e+00 
   452 :  4.7849486e+00  3.8281725e+00 
   453 :  2.8641961e+00  4.4905388e+00 
   454 :  4.0445451e+00  5.9147978e+00 
   455 :  5.3195813e+00  2.1327672e+00 
   456 :  4.8523021e+00  3.6185350e+00 
   457 :  4.1355977e+00  5.3733375e+00 
   458 :  5.2519474e+00  2.3566191e+00 
   459 :  4.9200658e+00  3.4067940e+00 
   460 :  5.1892396e+00  2.5528983e+00 
   461 :  5.0023637e+00  3.1868565e+00 
   462 :  5.1097175e+00  2.7447212e+00 
   463 :  3.9854702e+00  5.1554065e+00 
   464 :  5.0544092e+00  2.9643909e+00 
   465 :  2.8344983e+00  4.2698569e+00 
   466 :  4.2087308e+00  5.4311554e+00 
   467 :  4.2934749e+00  5.4046319e+00 
   468 :  2.5812739e+00  4.2452306e+00 
   469 :  3.8202615e+00  5.0284709e+00 
   470 :  4.5232342e+00  5.1657814e+00 
   471 :  2.5222214e+00  4.0357052e+00 
   472 : -3.9213635e+00  1.2477347e+00 
   473 :  3.6534953e+00  4.8999065e+00 
   474 :  4.4628242e+00  5.3543609e+00 
   475 :  4.5839091e+00  4.9720678e+00 
   476 :  4.6452260e+00  4.7760687e+00 
   477 :  2.2744189e+00  3.9935783e+00 
   478 :  4.0598196e+00  5.3153317e+00 
   479 :  5.6859565e+00  1.4802890e+00 
   480 :  4.1784362e+00  5.6056169e+00 
   481 :  3.3981013e+00  4.6946834e+00 
   482 :  4.7073021e+00  4.5773934e+00 
   483 :  4.2298643e+00  5.6585170e+00 
   484 :  4.2135336e+00  5.7255498e+00 
   485 :  4.2547001e+00  5.5821070e+00 
   486 : -4.7285412e-01  4.6579067e+00 
   487 :  4.7702448e+00  4.3757334e+00 
   488 :  2.2040524e+00  3.7818232e+00 
   489 : -7.9151976e-01  5.1278308e+00 
   490 : -3.8345839e+00  1.3698222e+00 
   491 : -5.6626030e-01  4.4370559e+00 
   492 :  3.9175386e+00  5.8080026e+00 
   493 :  5.6199536e+00  1.6808336e+00 
   494 :  3.2076948e+00  4.5529950e+00 
   495 :  4.8341276e+00  4.1709055e+00 
   496 :  3.7219247e+00  5.7676549e+00 
   497 :  3.5209397e+00  5.7239022e+00 
   498 :  1.9196624e-01  2.1129492e+00 
   499 :  4.8989831e+00  3.9628812e+00 
   500 :  3.3561491e+00  5.7797906e+00 
   501 :  1.9501490e+00  3.7290408e+00 
   502 : -3.7375425e-01  4.2300983e+00 
   503 :  3.2114651e+00  5.6613721e+00 
   504 :  5.5532908e+00  1.8879772e+00 
   505 :  3.0457293e+00  4.4142055e+00 
   506 :  3.0436920e+00  5.7079962e+00 
   507 :  4.9647965e+00  3.7518146e+00 
   508 : -3.8179184e+00  1.5681765e+00 
   509 :  1.8631923e+00  3.5085562e+00 
   510 :  2.8935043e+00  5.5918720e+00 
   511 : -4.3459512e-01  3.9722083e+00 
   512 : -7.9706630e-01  5.3852241e+00 
   513 :  5.0315131e+00  3.5380493e+00 
   514 :  2.7216747e+00  5.6405091e+00 
   515 : -6.6216824e-01  4.9870248e+00 
   516 : -6.2164052e-01  4.8679102e+00 
   517 :  5.4859201e+00  2.0980598e+00 
   518 :  2.5634102e+00  5.5211792e+00 
   519 : -2.4454303e-01  3.7498495e+00 
   520 :  5.0990220e+00  3.3221351e+00 
   521 : -3.7155768e+00  1.2001280e+00 
   522 : -3.7910980e+00  1.1713034e+00 
   523 :  4.0099603e+00  5.8264752e+00 
   524 :  2.3848287e+00  5.5684818e+00 
   525 :  1.6036238e+00  3.4361689e+00 
   526 :  5.4178902e+00  2.3109113e+00 
   527 :  3.4520835e-01  2.3190159e+00 
   528 :  5.1644456e+00  3.0903378e+00 
   529 :  4.0519514e+00  5.3976280e+00 
   530 :  3.2387453e-03  2.4646712e+00 
   531 :  6.4839514e-02  2.3170069e+00 
   532 : -3.0103285e-01  3.4835208e+00 
   533 :  2.2190479e+00  5.4395895e+00 
   534 : -3.6702715e+00  1.7203562e+00 
   535 :  4.0956425e+00  5.8440537e+00 
   536 :  4.1381578e+00  5.7995552e+00 
   537 :  5.2371687e+00  2.8716330e+00 
   538 :  2.5588232e-01  2.2185684e+00 
   539 :  5.3102204e+00  2.6533587e+00 
   540 : -1.0263989e-01  3.2524274e+00 
   541 :  5.4798843e-02  2.7295041e+00 
   542 :  2.0289369e+00  5.4889430e+00 
   543 : -4.0818896e-01  4.9697705e+00 
   544 : -1.1858905e-01  2.9806729e+00 
   545 :  1.4087494e+00  3.1660599e+00 
   546 : -3.5358825e+00  1.8823406e+00 
   547 :  1.8550731e+00  5.3865839e+00 
   548 :  4.1308713e+00  5.9205719e+00 
   549 :  1.6603624e+00  5.4089280e+00 
   550 :  1.1081188e+00  2.9748305e+00 
   551 : -3.3344674e+00  2.0448016e+00 
   552 :  1.4779277e+00  5.3041462e+00 
   553 : -3.2488287e+00  2.1306289e+00 
   554 :  1.2749868e+00  5.3252564e+00 
   555 :  4.5732467e-01  2.4490386e+00 
   556 :  1.0837338e+00  5.2180651e+00 
   557 :  8.4208576e-01  2.7691443e+00 
   558 :  8.8579176e-01  5.2240348e+00 
   559 :  4.3080114e+00  5.6441941e+00 
   560 :  4.2722511e+00  5.4954476e+00 
   561 : -9.2162872e-02  5.0099045e+00 
   562 : -3.9116088e+00  1.4315051e+00 
   563 : -3.0885595e+00  2.3133491e+00 
   564 :  6.2485826e-01  5.1544899e+00 
   565 :  2.1228065e-01  5.0576833e+00 
   566 :  3.5247757e-01  5.0920162e+00 
   567 : -3.6292862e+00  1.2358218e+00 
   568 :  7.0458796e-01  2.6646875e+00 
   569 : -2.9964437e+00  2.4058925e+00 
   570 :  4.1927339e+00  5.5219384e+00 
   571 :  4.1258878e+00  5.4612944e+00 
   572 :  4.4381425e+00  5.4511054e+00 
   573 : -3.7030416e+00  1.6024227e+00 
   574 :  4.3257366e+00  5.8359526e+00 
   575 :  3.9564649e+00  5.9035664e+00 
   576 : -3.8010527e+00  1.0883628e+00 
   577 :  3.7623519e+00  5.8650177e+00 
   578 :  4.0674415e+00  5.2167497e+00 
   579 :  3.9751556e+00  5.2527408e+00 
   580 :  3.8908433e+00  5.1941236e+00 
   581 : -2.9080344e+00  2.4999145e+00 
   582 :  1.2502928e+00  3.1053929e+00 
   583 :  5.6551824e+00  1.5780057e+00 
   584 :  2.0645176e+00  3.8217107e+00 
   585 :  1.7174187e+00  3.5413865e+00 
   586 :  2.3817831e+00  4.0796616e+00 
   587 :  2.6700806e+00  4.3350107e+00 
   588 :  2.7258732e+00  4.2139906e+00 
   589 : -8.0131009e-01  4.7725535e+00 
   590 :  3.5618887e+00  5.8223948e+00 
   591 : -8.2269098e-01  5.2611962e+00 
   592 :  2.4796017e+00  4.1617732e+00 
   593 : -4.1579336e-01  4.3838516e+00 
   594 :  2.7668287e+00  4.4138429e+00 
   595 :  5.5892660e+00  1.7820248e+00 
   596 : -3.9192420e+00  1.1460530e+00 
   597 :  1.4677888e+00  3.3202587e+00 
   598 :  5.5226133e+00  1.9896576e+00 
   599 :  5.4553094e+00  2.2001911e+00 
   600 : -3.5481796e+00  1.7622792e+00 
   601 :  3.8173562e+00  5.2645895e+00 
   602 :  9.7002950e-01  2.8791972e+00 
   603 : -2.8189703e+00  2.5956594e+00 
   604 :  3.4791440e+00  4.7569920e+00 
   605 :  3.3779033e+00  4.8062249e+00 
   606 :  2.9527380e+00  4.5723425e+00 
   607 :  4.4938817e+00  5.2620366e+00 
   608 :  3.0692020e+00  4.5353705e+00 
   609 : -2.4419741e-01  4.9578415e+00 
   610 :  3.1334186e+00  4.7217497e+00 
   611 :  3.2216507e+00  4.6738178e+00 
   612 :  5.2773039e+00  2.7635521e+00 
   613 :  7.5700341e-01  5.1751645e+00 
   614 :  5.2028443e+00  2.9813340e+00 
   615 :  5.1223826e+00  3.2051865e+00 
   616 :  3.4781417e+00  5.0017501e+00 
   617 :  3.4997038e+00  4.8968694e+00 
   618 :  5.0662920e+00  3.4344327e+00 
   619 :  4.9992098e+00  3.6488658e+00 
   620 :  3.9031575e+00  5.0920122e+00 
   621 :  3.8094528e+00  5.1355884e+00 
   622 :  3.7240821e+00  5.0694378e+00 
   623 :  3.6464980e+00  5.1408247e+00 
   624 :  5.3459423e+00  2.5443382e+00 
   625 :  5.3628958e+00  2.4144204e+00 
   626 :  5.2669101e+00  2.4804561e+00 
   627 :  4.9328929e+00  3.8609116e+00 
   628 :  4.8674458e+00  4.0701126e+00 
   629 :  2.9479507e+00  4.3470238e+00 
   630 :  4.8029274e+00  4.2762127e+00 
   631 :  3.7359869e+00  4.9639283e+00 
   632 :  4.7393496e+00  4.4791472e+00 
   633 :  4.6766782e+00  4.6790202e+00 
   634 : -3.4240762e+00  1.9403808e+00 
   635 :  4.6148390e+00  4.8760763e+00 
   636 :  4.5537275e+00  5.0706687e+00 
   637 :  4.6196489e+00  4.3404547e+00 
   638 :  4.5551875e+00  4.5403054e+00 
   639 :  4.6850798e+00  4.1376905e+00 
   640 :  4.4917136e+00  4.7373883e+00 
   641 :  4.7514019e+00  3.9320192e+00 
   642 :  4.4291926e+00  4.9319755e+00 
   643 :  4.8184715e+00  3.7236225e+00 
   644 :  5.5291861e+00  1.4235499e+00 
   645 :  4.3675470e+00  5.1244392e+00 
   646 :  4.8860815e+00  3.5128701e+00 
   647 :  3.3155778e+00  5.6824187e+00 
   648 :  5.2096672e+00  2.6770542e+00 
   649 :  4.9445987e+00  3.2954556e+00 
   650 :  6.6209625e-02  5.0289819e+00 
   651 :  5.3514312e+00  2.0291250e+00 
   652 :  5.4146714e+00  1.8243600e+00 
   653 :  5.2759969e+00  2.2360126e+00 
   654 :  5.0224508e+00  3.0686272e+00 
   655 :  5.4769878e+00  1.6226121e+00 
   656 :  5.0860716e+00  2.8504610e+00 
   657 : -6.1370341e-01  5.1989139e+00 
   658 :  4.1726395e+00  5.8581858e+00 
   659 : -2.7295114e+00  2.6925376e+00 
   660 :  5.7125389e+00  1.3878367e+00 
   661 : -3.5176864e+00  1.2762812e+00 
   662 : -3.4146593e+00  1.3052243e+00 
   663 :  2.4219681e+00  3.9554675e+00 
   664 : -2.8265251e-01  3.9140664e+00 
   665 : -3.3075196e+00  1.3344637e+00 
   666 :  5.7354383e-01  2.5562100e+00 
   667 : -3.1646885e+00  2.2190000e+00 
   668 : -4.7871642e-01  4.8687399e+00 
   669 : -3.2003830e+00  1.3641245e+00 
   670 : -2.6405959e+00  2.7899441e+00 
   671 :  2.9356787e+00  5.6876060e+00 
   672 :  3.6424131e+00  5.0091792e+00 
   673 : -3.0917490e+00  1.3942020e+00 
   674 : -2.9815176e+00  1.4247250e+00 
   675 : -2.5534295e+00  2.8873325e+00 
   676 : -8.9227308e-01  4.6695479e+00 
   677 : -6.8221281e-01  4.7497053e+00 
   678 :  2.3158010e+00  3.8712849e+00 
   679 : -2.4580896e+00  2.9896726e+00 
   680 : -2.8695854e+00  1.4557238e+00 
   681 : -2.7558471e+00  1.4872296e+00 
   682 :  2.6071839e+00  5.6178579e+00 
   683 : -9.9270766e-01  4.5612952e+00 
   684 :  4.3118078e+00  5.3117411e+00 
   685 : -1.4920242e-01  3.4034645e+00 
   686 :  7.3287774e-02  2.1117901e+00 
   687 :  1.3394103e-01  2.2122745e+00 
   688 : -2.6401946e+00  1.5192748e+00 
   689 : -2.3629134e+00  3.0921310e+00 
   690 :  3.5602169e+00  4.8343366e+00 
   691 : -1.0937282e+00  4.4529519e+00 
   692 :  1.6493098e-02  2.8761722e+00 
   693 : -2.5225204e+00  1.5518929e+00 
   694 : -1.4998628e-01  2.2183219e+00 
   695 :  4.3998049e+00  5.2874202e+00 
   696 : -2.2669029e+00  3.1957824e+00 
   697 : -5.9803514e-01  4.6080448e+00 
   698 : -2.4027155e+00  1.5851171e+00 
   699 :  2.2758029e+00  5.5392623e+00 
   700 :  2.1713915e+00  3.9112324e+00 
   701 :  3.8590780e+00  5.8826733e+00 
   702 : -1.1951010e+00  4.3442871e+00 
   703 :  2.6190217e+00  4.1199189e+00 
   704 : -2.2806713e+00  1.6189827e+00 
   705 : -2.1698637e+00  3.3005181e+00 
   706 : -3.9162588e+00  1.3375270e+00 
   707 :  4.3003643e+00  5.9258945e+00 
   708 :  4.4282102e+00  5.1935465e+00 
   709 : -1.2967142e+00  4.2353323e+00 
   710 : -3.8381261e+00  1.2861624e+00 
   711 : -2.1562840e+00  1.6535241e+00 
   712 : -2.0718586e+00  3.4062139e+00 
   713 :  1.9297545e+00  5.4732217e+00 
   714 :  4.4583967e+00  5.0982937e+00 
   715 : -4.4501187e-01  4.5276704e+00 
   716 : -1.3984639e+00  4.1261777e+00 
   717 : -2.0294539e+00  1.6887757e+00 
   718 :  3.3025725e+00  4.8614689e+00 
   719 :  4.3782431e+00  5.3813016e+00 
   720 : -1.9976855e+00  3.5120599e+00 
   721 :  3.8186671e+00  5.7875281e+00 
   722 :  3.9671286e+00  5.4222837e+00 
   723 :  3.6609751e+00  5.8411735e+00 
   724 :  4.9330277e-01  5.1199942e+00 
   725 : -1.5002364e+00  4.0169373e+00 
   726 :  4.4887716e+00  5.0018777e+00 
   727 : -1.8954367e+00  3.6028303e+00 
   728 : -1.9000901e+00  1.7247707e+00 
   729 :  3.6215812e+00  5.7471921e+00 
   730 : -1.6019073e+00  3.9077408e+00 
   731 :  2.1925853e-01  2.3554959e+00 
   732 : -1.7959277e+00  3.7089052e+00 
   733 :  1.5567242e+00  5.3926171e+00 
   734 : -1.7037779e+00  3.7977911e+00 
   735 : -3.8477896e+00  1.1379869e+00 
   736 :  3.4584227e+00  5.7980629e+00 
   737 :  2.8774489e-01  2.1196286e+00 
   738 :  4.5185193e+00  4.9053865e+00 
   739 : -1.7681125e+00  1.7615405e+00 
   740 :  1.1668401e+00  5.3083173e+00 
   741 :  3.4184044e+00  5.7038714e+00 
   742 : -5.2777472e-01  4.2897822e+00 
   743 :  4.0422390e+00  5.4863910e+00 
   744 :  3.2549866e+00  5.7600390e+00 
   745 : -1.6334571e+00  1.7991136e+00 
   746 : -6.8006157e-01  5.4000714e+00 
   747 :  2.0937141e+00  3.6941511e+00 
   748 :  4.3289232e+00  5.5568798e+00 
   749 :  4.3547809e+00  5.4743671e+00 
   750 :  4.3889737e+00  5.6258458e+00 
   751 :  4.5500249e+00  4.8073793e+00 
   752 :  3.1479565e+00  5.7320431e+00 
   753 : -1.4960796e+00  1.8375140e+00 
   754 : -1.3698771e+00  1.8797428e+00 
   755 :  4.5801212e+00  4.7096785e+00 
   756 :  5.5544565e+00  1.3292031e+00 
   757 :  3.1050382e+00  5.6320209e+00 
   758 : -1.2292729e+00  1.9205292e+00 
   759 :  3.0005808e+00  5.6125201e+00 
   760 : -3.0819444e-01  2.1746149e+00 
   761 : -4.7456642e-01  4.1298554e+00 
   762 : -1.0827485e+00  1.9614292e+00 
   763 :  5.6196791e+00  1.4059703e+00 
   764 :  5.5923739e+00  1.4948422e+00 
   765 : -4.6608268e-01  2.1306142e+00 
   766 : -3.8262107e+00  1.4677548e+00 
   767 : -9.2964012e-01  2.0020065e+00 
   768 : -6.2235335e-01  2.0870224e+00 
   769 : -7.7823877e-01  2.0444241e+00 
   770 : -7.1476078e-01  5.2221666e+00 
   771 :  4.6110251e+00  4.6107771e+00 
   772 :  4.2006414e+00  5.7952705e+00 
   773 :  1.9726937e+00  3.6043184e+00 
   774 :  2.8296662e+00  5.6649267e+00 
   775 :  3.3121828e+00  4.6236293e+00 
   776 :  2.7848502e+00  5.5648777e+00 
   777 :  4.6416293e+00  4.5117169e+00 
   778 : -6.8999036e-01  5.1027930e+00 
   779 :  2.6751565e+00  5.5427774e+00 
   780 :  4.2486550e+00  5.8571049e+00 
   781 : -3.2728097e-01  4.0732733e+00 
   782 :  4.2689913e+00  5.7761551e+00 
   783 : -3.9968911e-01  3.8185914e+00 
   784 :  4.6728530e+00  4.4113420e+00 
   785 :  4.2726387e+00  5.7080592e+00 
   786 :  2.4971833e+00  5.5942700e+00 
   787 :  2.4501565e+00  5.4922498e+00 
   788 :  3.1354207e+00  4.6260296e+00 
   789 :  5.5615111e+00  1.5962637e+00 
   790 :  4.7046954e+00  4.3104982e+00 
   791 :  1.8332362e+00  3.6368670e+00 
   792 :  3.3099351e+00  4.7419242e+00 
   793 :  2.3343100e+00  5.4617404e+00 
   794 : -3.7565822e+00  1.5059346e+00 
   795 :  4.7374115e+00  4.2082379e+00 
   796 :  5.5293155e+00  1.6965138e+00 
   797 :  2.1399464e+00  5.5148225e+00 
   798 :  3.5666555e+00  4.9528420e+00 
   799 : -3.5291736e-01  3.6548402e+00 
   800 : -7.7099173e-01  4.9964669e+00 
   801 :  4.7697844e+00  4.1057984e+00 
   802 : -3.8536969e+00  1.2074449e+00 
   803 :  3.1375627e+00  4.4642812e+00 
   804 : -2.3306470e-02  2.2399425e+00 
   805 :  2.0982660e+00  5.4133594e+00 
   806 :  5.7220401e+00  1.3119381e+00 
   807 :  1.7588617e+00  3.4146523e+00 
   808 :  1.9786887e+00  5.3836293e+00 
   809 : -1.9317641e-01  3.5975046e+00 
   810 :  5.4953297e+00  1.7956475e+00 
   811 :  3.9761207e+00  5.3343969e+00 
   812 :  4.8020243e+00  4.0024305e+00 
   813 :  9.9631709e-02  2.5673397e+00 
   814 :  4.1438820e+00  5.7415112e+00 
   815 :  1.7609575e+00  5.4389061e+00 
   816 : -3.7733102e+00  1.2438867e+00 
   817 : -2.6802116e-01  3.3210074e+00 
   818 : -3.9402208e+00  1.0624765e+00 
   819 :  4.8347279e+00  3.8985641e+00 
   820 : -5.2086986e-02  2.6316272e+00 
   821 :  5.4626088e+00  1.8969057e+00 
   822 : -1.0600306e-01  2.8024551e+00 
   823 :  2.9555359e+00  4.4688555e+00 
   824 : -7.2837603e-01  4.8809042e+00 
   825 : -2.0362878e-01  3.1508101e+00 
   826 : -5.0879022e-02  3.1174583e+00 
   827 :  1.7340135e+00  5.3376964e+00 
   828 :  1.6294171e+00  3.3140204e+00 
   829 :  4.8673558e+00  3.7938099e+00 
   830 :  1.6082417e+00  5.3044495e+00 
   831 : -3.7976314e+00  1.0391239e+00 
   832 :  1.3803781e+00  5.3569866e+00 
   833 :  5.4307760e+00  2.0017310e+00 
   834 : -3.7017969e+00  1.2692774e+00 
   835 :  4.9004116e+00  3.6886253e+00 
   836 : -7.3120372e-01  5.3148313e+00 
   837 :  2.8553071e+00  4.3852081e+00 
   838 :  5.3971003e+00  2.1034417e+00 
   839 : -8.7953205e-01  5.3559020e+00 
   840 :  4.9333898e+00  3.5826826e+00 
   841 : -3.7697397e+00  1.6590993e+00 
   842 :  1.5320554e+00  3.2181316e+00 
   843 :  9.8061824e-01  5.2655995e+00 
   844 :  3.9007762e+00  5.2718367e+00 
   845 :  5.3636393e+00  2.2090614e+00 
   846 :  4.9667262e+00  3.4764197e+00 
   847 :  1.3456626e+00  5.2537704e+00 
   848 :  1.2187578e+00  5.2182976e+00 
   849 :  1.2841689e-01  2.4423216e+00 
   850 : -3.6036692e+00  1.6637183e+00 
   851 :  5.3299183e+00  2.3065024e+00 
   852 :  4.9977622e+00  3.3699098e+00 
   853 :  5.0304399e+00  3.2705481e+00 
   854 :  3.4351774e-01  2.4338230e+00 
   855 : -5.4885120e-01  4.7556135e+00 
   856 : -3.6171365e+00  1.8229341e+00 
   857 :  1.3192472e+00  3.2517481e+00 
   858 :  5.1898604e+00  2.4404825e+00 
   859 :  5.2659372e+00  2.5790005e+00 
   860 :  5.0921402e+00  3.1276726e+00 
   861 :  2.7628328e+00  4.3211306e+00 
   862 :  5.1273137e+00  3.0180239e+00 
   863 : -3.4153658e-01  4.8691304e+00 
   864 :  3.4534438e+00  4.8380963e+00 
   865 :  5.1248581e+00  2.6470858e+00 
   866 :  5.1590506e+00  2.9097376e+00 
   867 :  5.1905674e+00  2.8001099e+00 
   868 : -3.8964165e+00  1.5093515e+00 
   869 : -3.4577893e+00  1.8328966e+00 
   870 :  9.7453139e-01  5.1721305e+00 
Number of edges 424 
     0 :      0     25 
     1 :     25     26 
     2 :     26      1 
     3 :      2     27 
     4 :     27     28 
     5 :     28     29 
     6 :     29     30 
     7 :     30     31 
     8 :     31     32 
     9 :     32     33 
    10 :     33     34 
    11 :     34     35 
    12 :     35     36 
    13 :     36     37 
    14 :     37     38 
    15 :     38     39 
    16 :     39     40 
    17 :     40     41 
    18 :     41     42 
    19 :     42     43 
    20 :     43     44 
    21 :     44     45 
    22 :     45     46 
    23 :     46     47 
    24 :     47     48 
    25 :     48     49 
    26 :     49     50 
    27 :     50     51 
    28 :     51     52 
    29 :     52     53 
    30 :     53     54 
    31 :     54     55 
    32 :     55     56 
    33 :     56     57 
    34 :     57     58 
    35 :     58     59 
    36 :     59     60 
    37 :     60     61 
    38 :     61     62 
    39 :     62     63 
    40 :     63     64 
    41 :     64     65 
    42 :     65     66 
    43 :     66     67 
    44 :     67     68 
    45 :     68     69 
    46 :     69     70 
    47 :     70     71 
    48 :     71      3 
    49 :      3     72 
    50 :     72     73 
    51 :     73     74 
    52 :     74      4 
    53 :      4     75 
    54 :     75     76 
    55 :     76     77 
    56 :     77     78 
    57 :     78     79 
    58 :     79     80 
    59 :     80     81 
    60 :     81     82 
    61 :     82     83 
    62 :     83     84 
    63 :     84     85 
    64 :     85     86 
    65 :     86     87 
    66 :     87     88 
    67 :     88     89 
    68 :     89     90 
    69 :     90     91 
    70 :     91     92 
    71 :     92     93 
    72 :     93     94 
    73 :     94     95 
    74 :     95     96 
    75 :     96     97 
    76 :     97     98 
    77 :     98     99 
    78 :     99    100 
    79 :    100    101 
    80 :    101    102 
    81 :    102    103 
    82 :    103    104 
    83 :    104    105 
    84 :    105    106 
    85 :    106    107 
    86 :    107    108 
    87 :    108    109 
    88 :    109    110 
    89 :    110      5 
    90 :      5    111 
    91 :    111    112 
    92 :    112    113 
    93 :    113      6 
    94 :      6    114 
    95 :    114    115 
    96 :    115      7 
    97 :      7    116 
    98 :    116    117 
    99 :    117    118 
   100 :    118    119 
   101 :    119      8 
   102 :      8    120 
   103 :    120    121 
   104 :    121    122 
   105 :    122    123 
   106 :    123    124 
   107 :    124    125 
   108 :    125    126 
   109 :    126    127 
   110 :    127    128 
   111 :    128    129 
   112 :    129    130 
   113 :    130    131 
   114 :    131    132 
   115 :    132    133 
   116 :    133    134 
   117 :    134    135 
   118 :    135    136 
   119 :    136    137 
   120 :    137    138 
   121 :    138    139 
   122 :    139    140 
   123 :    140    141 
   124 :    141    142 
   125 :    142    143 
   126 :    143    144 
   127 :    144    145 
   128 :    145    146 
   129 :    146    147 
   130 :    147    148 
   131 :    148    149 
   132 :    149    150 
   133 :    150    151 
   134 :    151    152 
   135 :    152    153 
   136 :    153      9 
   137 :      9    154 
   138 :    154    155 
   139 :    155    156 
   140 :    156    157 
   141 :    157      0 
   142 :      1    158 
   143 :    158     10 
   144 :     10    159 
   145 :    159    160 
   146 :    160    161 
   147 :    161    162 
   148 :    162    163 
   149 :    163    164 
   150 :    164    165 
   151 :    165    166 
   152 :    166    167 
   153 :    167    168 
   154 :    168    169 
   155 :    169    170 
   156 :    170    171 
   157 :    171    172 
   158 :    172    173 
   159 :    173    174 
   160 :    174    175 
   161 :    175    176 
   162 :    176    177 
   163 :    177    178 
   164 :    178    179 
   165 :    179    180 
   166 :    180    181 
   167 :    181    182 
   168 :    182    183 
   169 :    183    184 
   170 :    184    185 
   171 :    185    186 
   172 :    186     11 
   173 :     11     12 
   174 :     12    187 
   175 :    187    188 
   176 :    188     13 
   177 :     13    189 
   178 :    189     14 
   179 :     14    190 
   180 :    190    191 
   181 :    191    192 
   182 :    192    193 
   183 :    193    194 
   184 :    194    195 
   185 :    195    196 
   186 :    196    197 
   187 :    197    198 
   188 :    198    199 
   189 :    199    200 
   190 :    200    201 
   191 :    201    202 
   192 :    202    203 
   193 :    203    204 
   194 :    204    205 
   195 :    205    206 
   196 :    206    207 
   197 :    207    208 
   198 :    208    209 
   199 :    209    210 
   200 :    210    211 
   201 :    211    212 
   202 :    212    213 
   203 :    213    214 
   204 :    214    215 
   205 :    215    216 
   206 :    216    217 
   207 :    217    218 
   208 :    218    219 
   209 :    219    220 
   210 :    220    221 
   211 :    221    222 
   212 :    222    223 
   213 :    223    224 
   214 :    224    225 
   215 :    225     15 
   216 :     15    226 
   217 :    226    227 
   218 :    227    228 
   219 :    228    229 
   220 :    229    230 
   221 :    230    231 
   222 :    231    232 
   223 :    232    233 
   224 :    233    234 
   225 :    234    235 
   226 :    235    236 
   227 :    236    237 
   228 :    237    238 
   229 :    238    239 
   230 :    239    240 
   231 :    240    241 
   232 :    241    242 
   233 :    242    243 
   234 :    243    244 
   235 :    244    245 
   236 :    245    246 
   237 :    246    247 
   238 :    247    248 
   239 :    248    249 
   240 :    249    250 
   241 :    250    251 
   242 :    251    252 
   243 :    252    253 
   244 :    253    254 
   245 :    254    255 
   246 :    255    256 
   247 :    256    257 
   248 :    257    258 
   249 :    258    259 
   250 :    259    260 
   251 :    260    261 
   252 :    261    262 
   253 :    262    263 
   254 :    263     16 
   255 :     16    264 
   256 :    264    265 
   257 :    265    266 
   258 :    266      2 
   259 :     17    267 
   260 :    267    268 
   261 :    268    269 
   262 :    269    270 
   263 :    270    271 
   264 :    271    272 
   265 :    272    273 
   266 :    273    274 
   267 :    274    275 
   268 :    275    276 
   269 :    276    277 
   270 :    277    278 
   271 :    278    279 
   272 :    279    280 
   273 :    280    281 
   274 :    281    282 
   275 :    282    283 
   276 :    283    284 
   277 :    284    285 
   278 :    285    286 
   279 :    286    287 
   280 :    287    288 
   281 :    288    289 
   282 :    289    290 
   283 :    290    291 
   284 :    291    292 
   285 :    292    293 
   286 :    293     18 
   287 :     18     19 
   288 :     19    294 
   289 :    294    295 
   290 :    295    296 
   291 :    296    297 
   292 :    297    298 
   293 :    298    299 
   294 :    299    300 
   295 :    300    301 
   296 :    301    302 
   297 :    302    303 
   298 :    303    304 
   299 :    304    305 
   300 :    305    306 
   301 :    306    307 
   302 :    307    308 
   303 :    308    309 
   304 :    309    310 
   305 :    310    311 
   306 :    311    312 
   307 :    312    313 
   308 :    313    314 
   309 :    314    315 
   310 :    315    316 
   311 :    316    317 
   312 :    317    318 
   313 :    318    319 
   314 :    319    320 
   315 :    320    321 
   316 :    321    322 
   317 :    322    323 
   318 :    323    324 
   319 :    324     20 
   320 :     20    325 
   321 :    325    326 
   322 :    326    327 
   323 :    327    328 
   324 :    328    329 
   325 :    329    330 
   326 :    330    331 
   327 :    331    332 
   328 :    332    333 
   329 :    333    334 
   330 :    334    335 
   331 :    335    336 
   332 :    336    337 
   333 :    337     17 
   334 :     21    338 
   335 :    338    339 
   336 :    339    340 
   337 :    340    341 
   338 :    341    342 
   339 :    342    343 
   340 :    343    344 
   341 :    344    345 
   342 :    345    346 
   343 :    346    347 
   344 :    347    348 
   345 :    348    349 
   346 :    349    350 
   347 :    350    351 
   348 :    351    352 
   349 :    352    353 
   350 :    353    354 
   351 :    354    355 
   352 :    355    356 
   353 :    356    357 
   354 :    357    358 
   355 :    358    359 
   356 :    359    360 
   357 :    360    361 
   358 :    361    362 
   359 :    362    363 
   360 :    363    364 
   361 :    364    365 
   362 :    365    366 
   363 :    366    367 
   364 :    367    368 
   365 :    368    369 
   366 :    369    370 
   367 :    370    371 
   368 :    371    372 
   369 :    372    373 
   370 :    373     22 
   371 :     22    374 
   372 :    374     23 
   373 :     23    375 
   374 :    375    376 
   375 :    376    377 
   376 :    377    378 
   377 :    378    379 
   378 :    379    380 
   379 :    380    381 
   380 :    381    382 
   381 :    382    383 
   382 :    383    384 
   383 :    384    385 
   384 :    385    386 
   385 :    386    387 
   386 :    387    388 
   387 :    388    389 
   388 :    389    390 
   389 :    390    391 
   390 :    391    392 
   391 :    392    393 
   392 :    393    394 
   393 :    394    395 
   394 :    395    396 
   395 :    396    397 
   396 :    397    398 
   397 :    398    399 
   398 :    399    400 
   399 :    400    401 
   400 :    401    402 
   401 :    402    403 
   402 :    403    404 
   403 :    404    405 
   404 :    405    406 
   405 :    406    407 
   406 :    407    408 
   407 :    408    409 
   408 :    409    410 
   409 :    410     24 
   410 :     24    411 
   411 :    411    412 
   412 :    412    413 
   413 :    413    414 
   414 :    414    415 
   415 :    415    416 
   416 :    416    417 
   417 :    417    418 
   418 :    418    419 
   419 :    419    420 
   420 :    420    421 
   421 :    421    422 
   422 :    422    423 
   423 :    423     21 
Number of triangles 1320 
     0 :    567    661    293
     1 :    465    588    210
     2 :    299    634    298
     3 :    342    566    565
     4 :    601    621    580
     5 :    565    566    106
     6 :    344    724    343
     7 :    551    634    299
     8 :    431    621    601
     9 :    345    564    344
    10 :    523    535    454
    11 :    293    661    292
    12 :    623    672    622
    13 :    210    588    209
    14 :    522    576     10
    15 :    445    668    543
    16 :    300    551    299
    17 :    345    613    564
    18 :    561    609    339
    19 :     13    189    188
    20 :    339    609    338
    21 :    432    672    623
    22 :    662    665    291
    23 :    661    662    292
    24 :    445    543      5
    25 :    431    622    621
    26 :    197    582    196
    27 :    564    724    344
    28 :    106    566    105
    29 :    292    662    291
    30 :    291    665    290
    31 :    406    550    405
    32 :    538    731    687
    33 :    342    565    341
    34 :    665    669    290
    35 :    431    623    622
    36 :    687    804    686
    37 :    341    650    340
    38 :    565    650    341
    39 :    625    626    458
    40 :    290    669    289
    41 :    592    703    468
    42 :    340    561    339
    43 :    558    613    346
    44 :    340    650    561
    45 :    300    553    551
    46 :    669    673    289
    47 :    458    851    625
    48 :      4    575    454
    49 :    289    673    288
    50 :    314    727    720
    51 :    559    750    450
    52 :     73    548    428
    53 :    673    674    288
    54 :    687    731    531
    55 :    450    750     69
    56 :    544    692    413
    57 :    413    826    544
    58 :    501    791    773
    59 :     91    797    699
    60 :    288    674    287
    61 :    315    727    314
    62 :    375    425     23
    63 :    686    804     11
    64 :    416    809    685
    65 :    145    667    144
    66 :    190    527     14
    67 :    674    680    287
    68 :    773    791    509
    69 :    314    720    712
    70 :    473    798    690
    71 :    303    563    302
    72 :    159    521     10
    73 :    314    712    313
    74 :    287    680    286
    75 :    547    713     94
    76 :    441    831    576
    77 :    454    575    523
    78 :    195    602    194
    79 :    680    681    286
    80 :    408    557    407
    81 :    699    797    533
    82 :     75    575      4
    83 :    538    737     14
    84 :    489    800    778
    85 :    346    613    345
    86 :     94    815    547
    87 :    315    732    727
    88 :    685    809    532
    89 :    535    548    454
    90 :    286    681    285
    91 :     74    548     73
    92 :    303    569    563
    93 :    266      2     27
    94 :     23    480    426
    95 :    550    582    405
    96 :    553    667    145
    97 :    313    705    312
    98 :    313    712    705
    99 :    545    582    197
   100 :    681    688    285
   101 :    410    666    409
   102 :    116    839    115
   103 :    316    732    315
   104 :    668    863    543
   105 :    555    666    410
   106 :    722    743    376
   107 :    535    658    548
   108 :    529    743    722
   109 :    536    658    535
   110 :    634    869    298
   111 :    285    688    284
   112 :    189    737    188
   113 :    494    788    608
   114 :    406    602    550
   115 :    778    800    515
   116 :    408    568    557
   117 :    485    570    560
   118 :    115      7    116
   119 :    196    582    550
   120 :    312    696    311
   121 :    688    693    284
   122 :    608    803    494
   123 :    146    553    145
   124 :    471    592    586
   125 :    434    763    756
   126 :    697    715    486
   127 :    312    705    696
   128 :    536    814    772
   129 :    761    781    502
   130 :    756    763    644
   131 :    690    798    617
   132 :    284    693    283
   133 :    498    737    538
   134 :    471    703    592
   135 :    425    480     23
   136 :    311    689    310
   137 :    316    734    732
   138 :    491    715    697
   139 :    772    814    484
   140 :    693    698    283
   141 :    551    553    146
   142 :    511    781    761
   143 :    615    853    461
   144 :     22    535    523
   145 :    461    860    615
   146 :    310    679    309
   147 :    311    696    689
   148 :    586    663    471
   149 :    317    734    316
   150 :    522    735    576
   151 :    103    613    102
   152 :    465    861    588
   153 :     22    523    373
   154 :    283    698    282
   155 :      1    831     26
   156 :    480    483    426
   157 :    477    663    586
   158 :    310    689    679
   159 :    521    522     10
   160 :    552    733     97
   161 :    541    822    820
   162 :    820    822    336
   163 :    698    704    282
   164 :    723    729    496
   165 :    550    602    195
   166 :     27    806    266
   167 :    548    658    428
   168 :    590    729    723
   169 :    701    721    492
   170 :    282    704    281
   171 :    477    678    663
   172 :    454    548     74
   173 :    560    570    466
   174 :     97    832    552
   175 :    557    602    407
   176 :    527    538     14
   177 :    736    741    497
   178 :    194    602    557
   179 :     70    574    450
   180 :    577    721    701
   181 :    704    711    281
   182 :    730    734    317
   183 :    500    741    736
   184 :    343    724    566
   185 :    318    730    317
   186 :    304    569    303
   187 :    304    581    569
   188 :    281    711    280
   189 :    468    703    588
   190 :     22    536    535
   191 :    409    666    568
   192 :    115    839    512
   193 :    301    553    300
   194 :    569    581    142
   195 :    309    675    308
   196 :    144    667    563
   197 :    752    757    503
   198 :    433    718    605
   199 :    439    792    718
   200 :    193    568    192
   201 :    488    700    584
   202 :    506    757    752
   203 :    711    717    280
   204 :    584    700    397
   205 :    472    710    706
   206 :     21    863    668
   207 :    563    667    302
   208 :    557    568    193
   209 :    188    498    187
   210 :     26    831    441
   211 :    102    613    558
   212 :    424    572     67
   213 :    588    703    209
   214 :    280    717    279
   215 :    570    571    466
   216 :    678    700    488
   217 :    508    794    573
   218 :    143    569    142
   219 :     17    531    530
   220 :    563    569    143
   221 :    581    603    141
   222 :    142    581    141
   223 :    305    581    304
   224 :    224    578    463
   225 :    160    661    567
   226 :    556    740    100
   227 :    787    793    358
   228 :    501    747    584
   229 :    319    725    318
   230 :    309    679    675
   231 :    564    613    103
   232 :    800    824    515
   233 :    725    730    318
   234 :    308    670    307
   235 :    409    568    408
   236 :    717    728    279
   237 :    477    700    678
   238 :    305    603    581
   239 :    524    793    787
   240 :    141    603    140
   241 :    512    839    591
   242 :    578    579    463
   243 :    719    749    467
   244 :    279    728    278
   245 :    306    603    305
   246 :    514    779    776
   247 :    625    851    526
   248 :    307    659    306
   249 :    591    836    512
   250 :    429    457    427
   251 :    501    773    747
   252 :    706    710    490
   253 :     71    574     70
   254 :    425    571    570
   255 :    718    792    605
   256 :    776    779    361
   257 :    605    864    433
   258 :    478    579    578
   259 :    100    843    556
   260 :    190    555    527
   261 :     70    450     69
   262 :    429    466    457
   263 :      4    454     74
   264 :    728    739    278
   265 :    457    571    529
   266 :    562    706    490
   267 :    603    659    140
   268 :     68    424     67
   269 :    120    589      8
   270 :    748    750    559
   271 :      5    543    110
   272 :    140    659    139
   273 :    466    571    457
   274 :    306    659    603
   275 :    320    716    319
   276 :     29    583    479
   277 :    308    675    670
   278 :    278    739    277
   279 :    593    742    502
   280 :    405    582    404
   281 :    301    667    553
   282 :    596    818    441
   283 :    525    807    585
   284 :    597    828    525
   285 :     73    428     72
   286 :     15    429    427
   287 :    481    792    775
   288 :    716    725    319
   289 :    573    841    508
   290 :    225    578    224
   291 :    307    670    659
   292 :     26    441     25
   293 :    393    592    468
   294 :    182    769    767
   295 :    609    863    338
   296 :    545    842    597
   297 :     66    572    474
   298 :    221    631    220
   299 :    597    857    545
   300 :     15    427    225
   301 :    398    584    397
   302 :    742    761    502
   303 :    566    724    105
   304 :    115    512    114
   305 :    390    594    453
   306 :    394    592    393
   307 :    157    596    156
   308 :    410    854    555
   309 :    739    745    277
   310 :    395    586    394
   311 :    554    848    847
   312 :     67    572     66
   313 :    697    855    677
   314 :    407    602    406
   315 :    586    592    394
   316 :    391    594    390
   317 :    392    587    391
   318 :    467    749    560
   319 :    153    508    152
   320 :    526    845    599
   321 :    523    575    492
   322 :    277    745    276
   323 :    847    848    349
   324 :    542    808    805
   325 :    467    560    466
   326 :     29    479     28
   327 :    388    606    446
   328 :    546    869    634
   329 :    378    601    430
   330 :    587    594    391
   331 :    597    842    828
   332 :    805    808    355
   333 :     31    595    493
   334 :    321    709    320
   335 :     37    625    526
   336 :     33    598    504
   337 :    480    570    485
   338 :    386    610    439
   339 :    501    584    398
   340 :    525    828    807
   341 :    389    606    388
   342 :    493    583     30
   343 :    191    555    190
   344 :     30    583     29
   345 :    515    824    516
   346 :     35    599    517
   347 :    220    631    473
   348 :    474    607     65
   349 :    568    666    192
   350 :    525    585    401
   351 :    139    670    138
   352 :    425    743    571
   353 :    477    586    395
   354 :    402    597    525
   355 :    606    608    446
   356 :    387    610    386
   357 :    767    769    271
   358 :    526    851    845
   359 :    223    620    222
   360 :    302    667    301
   361 :    549    830    827
   362 :    382    616    432
   363 :    468    587    392
   364 :    109    609    561
   365 :    610    611    439
   366 :    620    621    469
   367 :    222    620    469
   368 :    621    622    469
   369 :    483    484    426
   370 :    534    850    600
   371 :    611    788    494
   372 :    622    672    631
   373 :    119    489    118
   374 :    383    616    382
   375 :    379    601    378
   376 :    484    814    426
   377 :    827    830    352
   378 :     40    612    539
   379 :    402    525    401
   380 :    401    585    400
   381 :    656    867    866
   382 :    469    631    221
   383 :    399    501    398
   384 :    504    595     32
   385 :    499    627     51
   386 :    494    775    611
   387 :     32    595     31
   388 :    624    626    625
   389 :    507    619     49
   390 :    495    628     53
   391 :    513    618     47
   392 :    295    573    294
   393 :    659    670    139
   394 :    517    598     34
   395 :    520    615     45
   396 :     34    598     33
   397 :    528    614     43
   398 :    487    630     55
   399 :    624    625     38
   400 :    396    477    395
   401 :    403    597    402
   402 :    432    623    381
   403 :     38    625     37
   404 :    378    430    377
   405 :    526    599     36
   406 :    482    632     57
   407 :    584    747    488
   408 :     66    474     65
   409 :    709    716    320
   410 :     36    599     35
   411 :    263    644    262
   412 :    462    867    656
   413 :    393    468    392
   414 :     53    628     52
   415 :    498    686    187
   416 :     51    627     50
   417 :     55    630     54
   418 :    476    633     59
   419 :    188    737    498
   420 :    745    753    276
   421 :    211    629    465
   422 :     49    619     48
   423 :    468    588    587
   424 :    453    606    389
   425 :     57    632     56
   426 :    612    648    539
   427 :     31    493     30
   428 :     65    607     64
   429 :    431    601    379
   430 :     33    504     32
   431 :    390    453    389
   432 :    539    624     39
   433 :    329    511    328
   434 :    475    635     61
   435 :     59    633     58
   436 :    446    610    387
   437 :     35    517     34
   438 :     47    618     46
   439 :    388    446    387
   440 :     17    530    337
   441 :    593    715    491
   442 :    297    600    296
   443 :    599    838    517
   444 :    326    491    325
   445 :     37    526     36
   446 :    457    478    427
   447 :     48    619    513
   448 :    156    472    155
   449 :    421    502    420
   450 :     46    618    520
   451 :     61    635     60
   452 :    348    556    347
   453 :    421    593    502
   454 :    422    593    421
   455 :     39    624     38
   456 :     64    607    470
   457 :    386    439    385
   458 :    537    612     41
   459 :     21    486    423
   460 :    470    636     63
   461 :    343    566    342
   462 :    433    616    383
   463 :     44    615    528
   464 :     50    627    507
   465 :    351    552    350
   466 :     71    707    574
   467 :    154    562      9
   468 :    384    433    383
   469 :     28    660     27
   470 :     42    614    537
   471 :    332    532    331
   472 :     52    628    499
   473 :     40    539     39
   474 :    354    547    353
   475 :     45    615     44
   476 :    276    753    275
   477 :    531    804    687
   478 :    418    519    417
   479 :     63    636     62
   480 :     90    524     89
   481 :     87    514     86
   482 :     93    542     92
   483 :    382    432    381
   484 :    562    868      9
   485 :    208    471    207
   486 :    489    591    118
   487 :     54    630    495
   488 :    427    578    225
   489 :     84    506     83
   490 :    357    533    356
   491 :    205    488    204
   492 :    211    465    210
   493 :    118    591    117
   494 :     96    549     95
   495 :     48    513     47
   496 :     42    537     41
   497 :    380    431    379
   498 :     50    507     49
   499 :     46    520     45
   500 :     41    612     40
   501 :     81    500     80
   502 :     44    528     43
   503 :     52    499     51
   504 :     56    632    487
   505 :    213    505    212
   506 :    147    634    551
   507 :     54    495     53
   508 :     79    590     78
   509 :    360    518    359
   510 :    215    494    214
   511 :     56    487     55
   512 :     58    633    482
   513 :    346    870    558
   514 :    202    509    201
   515 :     77    577     76
   516 :     43    614     42
   517 :    262    644    444
   518 :     99    554     98
   519 :    217    481    216
   520 :     58    482     57
   521 :    224    463    223
   522 :     60    635    476
   523 :    363    510    362
   524 :    218    604    217
   525 :    463    620    223
   526 :     60    476     59
   527 :    322    702    321
   528 :    151    534    150
   529 :    433    617    616
   530 :    149    546    148
   531 :    412    541    411
   532 :     62    636    475
   533 :    220    473    219
   534 :    147    551    146
   535 :    600    856    534
   536 :     62    475     61
   537 :    366    503    365
   538 :    647    744    503
   539 :    217    604    481
   540 :    222    469    221
   541 :    415    540    414
   542 :     64    470     63
   543 :    579    580    463
   544 :    102    558    101
   545 :    144    563    143
   546 :    369    497    368
   547 :    604    605    481
   548 :    335    544    334
   549 :    234    443    233
   550 :    232    440    231
   551 :    236    447    235
   552 :    545    857    582
   553 :    230    438    229
   554 :    371    496    370
   555 :    460    859    648
   556 :    238    449    237
   557 :    560    748    485
   558 :    373    523    492
   559 :    228    436    227
   560 :    373    492    372
   561 :    233    638    232
   562 :    235    637    234
   563 :    231    640    230
   564 :    240    452    239
   565 :    237    639    236
   566 :    104    564    103
   567 :    229    642    228
   568 :    582    857    404
   569 :    744    752    503
   570 :    366    647    503
   571 :    367    647    366
   572 :    232    638    440
   573 :    440    640    231
   574 :    443    638    233
   575 :    230    640    438
   576 :    234    637    443
   577 :    198    545    197
   578 :    239    641    238
   579 :    438    642    229
   580 :    447    637    235
   581 :    228    642    436
   582 :    236    639    447
   583 :    227    645    226
   584 :    242    456    241
   585 :    241    643    240
   586 :    226    435     15
   587 :    381    623    380
   588 :    449    639    237
   589 :    436    645    227
   590 :    226    645    435
   591 :    238    641    449
   592 :    243    646    242
   593 :    452    641    239
   594 :    244    459    243
   595 :    187    686     12
   596 :    240    643    452
   597 :    196    550    195
   598 :    245    649    244
   599 :    491    742    593
   600 :    107    565    106
   601 :    456    643    241
   602 :    246    461    245
   603 :    622    631    469
   604 :    429    467    466
   605 :    247    654    246
   606 :    242    646    456
   607 :     12    686     11
   608 :    380    623    431
   609 :    256    455    255
   610 :    108    650    107
   611 :    212    629    211
   612 :    254    458    253
   613 :    258    451    257
   614 :    162    665    662
   615 :    252    460    251
   616 :    260    448    259
   617 :    148    634    147
   618 :    191    666    555
   619 :    248    464    247
   620 :    249    656    248
   621 :    250    462    249
   622 :    262    444    261
   623 :    459    646    243
   624 :     19    490     18
   625 :    109    561    108
   626 :    255    653    254
   627 :    244    649    459
   628 :    538    687    498
   629 :    257    651    256
   630 :    194    557    193
   631 :    259    652    258
   632 :    418    664    519
   633 :    261    655    260
   634 :    111    442      5
   635 :    161    661    160
   636 :    471    663    207
   637 :    461    649    245
   638 :    113    437    112
   639 :    485    748    559
   640 :    162    662    161
   641 :    246    654    461
   642 :    599    845    838
   643 :    192    666    191
   644 :    156    596    472
   645 :    464    654    247
   646 :    112    657    111
   647 :    107    650    565
   648 :    464    866    862
   649 :    248    656    464
   650 :    462    656    249
   651 :    110    609    109
   652 :    577    723    496
   653 :    561    650    108
   654 :    254    653    458
   655 :    256    651    455
   656 :    753    754    275
   657 :    258    652    451
   658 :    479    660     28
   659 :      9    868    153
   660 :    260    655    448
   661 :    546    634    148
   662 :    580    620    463
   663 :    455    653    255
   664 :    702    709    321
   665 :    505    629    212
   666 :     85    671     84
   667 :    451    651    257
   668 :    275    754    274
   669 :    138    675    137
   670 :    496    721    577
   671 :    574    782    450
   672 :    775    792    611
   673 :    580    621    620
   674 :    323    691    322
   675 :    448    652    259
   676 :    444    655    261
   677 :    207    663    206
   678 :    668    855     21
   679 :    486    855    697
   680 :    589    676     20
   681 :     11    694    186
   682 :    656    866    464
   683 :    457    529    478
   684 :    163    665    162
   685 :    111    657    442
   686 :    416    685    415
   687 :    660    806     27
   688 :    437    657    112
   689 :    205    678    488
   690 :    441    735    596
   691 :    648    865    460
   692 :    419    664    418
   693 :    506    759    757
   694 :    209    703    208
   695 :    161    662    661
   696 :    573    794    294
   697 :    164    669    163
   698 :    517    833    598
   699 :    163    669    665
   700 :     20    677    589
   701 :     88    682     87
   702 :    607    708    470
   703 :    695    719    684
   704 :    505    823    629
   705 :    664    783    519
   706 :    631    672    473
   707 :    690    864    604
   708 :    626    859    460
   709 :    489    770    591
   710 :    324    683    323
   711 :    654    862    860
   712 :    491    697    325
   713 :    218    690    604
   714 :    120    676    589
   715 :    165    673    164
   716 :     24    854    410
   717 :    164    673    669
   718 :     84    671    506
   719 :     88    786    682
   720 :    670    675    138
   721 :     21    855    486
   722 :    590    736    497
   723 :    154    706    562
   724 :    663    678    206
   725 :    473    690    219
   726 :    509    791    585
   727 :    691    702    322
   728 :    472    706    155
   729 :      3    707     71
   730 :    377    722    376
   731 :    470    714    636
   732 :     15    684    429
   733 :    497    729    590
   734 :    413    692    412
   735 :    397    700    396
   736 :     91    699     90
   737 :    629    837    465
   738 :     69    750     68
   739 :    534    841    573
   740 :    263    756    644
   741 :    598    821    504
   742 :    157    818    596
   743 :    422    715    593
   744 :    166    674    165
   745 :    708    714    470
   746 :    823    837    629
   747 :    165    674    673
   748 :    464    862    654
   749 :    480    485    483
   750 :    439    718    385
   751 :    576    735    441
   752 :    181    767    762
   753 :    636    726    475
   754 :    517    838    833
   755 :    573    850    534
   756 :    512    746    114
   757 :    474    695    607
   758 :    671    759    506
   759 :    707    780    574
   760 :     85    774    671
   761 :    783    799    519
   762 :    478    578    427
   763 :    114    746      6
   764 :    475    738    635
   765 :    181    762    180
   766 :    714    726    636
   767 :     20    676    324
   768 :    490    766    562
   769 :    384    718    433
   770 :    206    678    205
   771 :     94    713     93
   772 :    486    715    423
   773 :    121    676    120
   774 :    590    723     78
   775 :    166    680    674
   776 :    167    680    166
   777 :    460    858    626
   778 :    489    778    770
   779 :    616    798    432
   780 :    684    719    467
   781 :    500    736     80
   782 :    617    864    690
   783 :    726    738    475
   784 :     77    723    577
   785 :     75    701    575
   786 :    160    567    159
   787 :    371    721    496
   788 :    683    691    323
   789 :    837    861    465
   790 :    511    761    328
   791 :    585    791    400
   792 :     97    733     96
   793 :     79    736    590
   794 :    369    729    497
   795 :    514    776    774
   796 :    506    752     83
   797 :    492    721    372
   798 :    105    724    104
   799 :    516    824    677
   800 :    167    681    680
   801 :    168    681    167
   802 :    326    742    491
   803 :    610    788    611
   804 :    635    751    476
   805 :    100    740     99
   806 :     81    744    500
   807 :    496    729    370
   808 :    500    744    647
   809 :    428    707     72
   810 :    435    684     15
   811 :    367    741    647
   812 :    137    679    136
   813 :    738    751    635
   814 :    555    854    527
   815 :    588    861    587
   816 :    608    823    505
   817 :    476    755    633
   818 :    265    434    264
   819 :    647    741    500
   820 :     23    426    374
   821 :    497    741    368
   822 :    577    701     76
   823 :    514    774     86
   824 :    442    515    445
   825 :    363    759    510
   826 :     72    707      3
   827 :    122    683    121
   828 :    583    764    479
   829 :    751    755    476
   830 :    488    747    204
   831 :     87    682    514
   832 :    654    860    461
   833 :    215    775    494
   834 :     20    697    677
   835 :    202    773    509
   836 :    532    809    799
   837 :    180    758    179
   838 :    606    823    608
   839 :    168    688    681
   840 :    543    609    110
   841 :    508    841    152
   842 :    169    688    168
   843 :    671    774    510
   844 :    682    786    518
   845 :    450    785    559
   846 :    182    767    181
   847 :    503    757    365
   848 :    360    779    518
   849 :    676    683    324
   850 :     92    797     91
   851 :    524    786     89
   852 :    415    685    540
   853 :    598    833    821
   854 :    399    791    501
   855 :    580    844    601
   856 :    572    749    719
   857 :    121    683    676
   858 :    504    810    595
   859 :    136    689    135
   860 :    425    570    480
   861 :    520    853    615
   862 :    626    858    458
   863 :    672    798    473
   864 :    648    867    462
   865 :    772    782    780
   866 :    362    776    361
   867 :    442    445      5
   868 :    633    771    482
   869 :      0    818    157
   870 :    357    793    533
   871 :    481    775    216
   872 :    432    798    672
   873 :    505    803    608
   874 :     95    815     94
   875 :    677    824    589
   876 :    532    799    331
   877 :    585    807    509
   878 :    502    781    420
   879 :    482    777    632
   880 :    755    771    633
   881 :    329    783    511
   882 :    169    693    688
   883 :    219    690    218
   884 :    170    693    169
   885 :    119    800    489
   886 :    679    689    136
   887 :    648    859    539
   888 :    608    788    446
   889 :    485    559    483
   890 :    624    859    626
   891 :    600    850    296
   892 :    354    808    547
   893 :    359    787    358
   894 :    600    869    546
   895 :    595    796    493
   896 :    546    856    600
   897 :    348    848    556
   898 :     98    832     97
   899 :    351    830    552
   900 :    213    803    505
   901 :    612    867    648
   902 :    424    749    572
   903 :    771    777    482
   904 :    429    684    467
   905 :    123    691    122
   906 :    403    857    597
   907 :    515    516    445
   908 :    101    843    100
   909 :    424    750    748
   910 :    295    850    573
   911 :    664    781    511
   912 :    151    841    534
   913 :    170    698    693
   914 :    541    813    411
   915 :    171    698    170
   916 :     10    576    158
   917 :    149    856    546
   918 :    511    783    664
   919 :    412    692    541
   920 :    419    781    664
   921 :    417    809    416
   922 :    522    816    802
   923 :    122    691    683
   924 :    297    869    600
   925 :    731    849    531
   926 :    524    787    786
   927 :    135    696    134
   928 :    632    784    487
   929 :    516    668    445
   930 :    487    790    630
   931 :    591    839    117
   932 :    332    817    532
   933 :    510    759    671
   934 :    494    803    214
   935 :    689    696    135
   936 :    618    852    520
   937 :    337    820    336
   938 :    335    822    544
   939 :    325    697     20
   940 :    777    784    632
   941 :    493    789    583
   942 :    544    825    334
   943 :    660    763    434
   944 :    198    842    545
   945 :    675    679    137
   946 :      6    746    113
   947 :    180    762    758
   948 :    677    855    516
   949 :    817    825    540
   950 :    414    826    413
   951 :    171    704    698
   952 :    172    704    171
   953 :    513    846    618
   954 :     90    699    524
   955 :    509    807    201
   956 :    541    820    813
   957 :    271    769    270
   958 :    124    702    123
   959 :    293    834    567
   960 :    498    687    686
   961 :    784    790    487
   962 :    544    826    825
   963 :    534    856    150
   964 :    695    708    607
   965 :    462    865    648
   966 :    504    821    810
   967 :    495    801    628
   968 :    630    795    495
   969 :    134    705    133
   970 :    252    858    460
   971 :    250    865    462
   972 :    123    702    691
   973 :    396    700    477
   974 :    208    703    471
   975 :    852    853    520
   976 :    173    711    172
   977 :    172    711    704
   978 :     76    701     75
   979 :    682    779    514
   980 :     17    804    531
   981 :    442    778    515
   982 :    572    719    474
   983 :    460    865    251
   984 :    571    743    529
   985 :    696    705    134
   986 :    507    835    619
   987 :    155    706    154
   988 :    790    795    630
   989 :    499    819    627
   990 :    619    840    513
   991 :    458    858    253
   992 :    375    743    425
   993 :    628    812    499
   994 :    125    709    124
   995 :    490    710     18
   996 :    795    801    495
   997 :     16    756    263
   998 :    627    829    507
   999 :    518    779    682
  1000 :    423    715    422
  1001 :    133    712    132
  1002 :    645    708    435
  1003 :    270    768    269
  1004 :    174    717    173
  1005 :    516    855    668
  1006 :    173    717    711
  1007 :    846    852    618
  1008 :    124    709    702
  1009 :    801    812    628
  1010 :    645    714    708
  1011 :    595    810    796
  1012 :    705    712    133
  1013 :     68    750    424
  1014 :    543    863    609
  1015 :    840    846    513
  1016 :    385    718    384
  1017 :     14    737    189
  1018 :    812    819    499
  1019 :    126    716    125
  1020 :    532    817    685
  1021 :     93    713    542
  1022 :    436    714    645
  1023 :    132    720    131
  1024 :    175    728    174
  1025 :    270    769    768
  1026 :    174    728    717
  1027 :    430    722    377
  1028 :    478    811    579
  1029 :    529    811    478
  1030 :    372    721    371
  1031 :     18    834    293
  1032 :    829    835    507
  1033 :    835    840    619
  1034 :    819    829    627
  1035 :    685    817    540
  1036 :    436    726    714
  1037 :    131    727    130
  1038 :     78    723     77
  1039 :    269    765    268
  1040 :    127    725    126
  1041 :    376    743    375
  1042 :    125    716    709
  1043 :    712    720    132
  1044 :     25    818      0
  1045 :    583    789    764
  1046 :    370    729    369
  1047 :    176    739    175
  1048 :    533    793    699
  1049 :    175    739    728
  1050 :    130    732    129
  1051 :    128    730    127
  1052 :    433    864    617
  1053 :    642    726    436
  1054 :    129    734    128
  1055 :    544    822    692
  1056 :    104    724    564
  1057 :    575    701    492
  1058 :    493    796    789
  1059 :    356    805    355
  1060 :     80    736     79
  1061 :    430    844    811
  1062 :    512    836    746
  1063 :    720    727    131
  1064 :    274    758    273
  1065 :     96    733    549
  1066 :    177    745    176
  1067 :    327    742    326
  1068 :    126    725    716
  1069 :    474    719    695
  1070 :    642    738    726
  1071 :    176    745    739
  1072 :    556    848    740
  1073 :    269    768    765
  1074 :    368    741    367
  1075 :    438    738    642
  1076 :    374    814     22
  1077 :    268    760    267
  1078 :    435    708    695
  1079 :    547    808    713
  1080 :    692    822    541
  1081 :     22    814    536
  1082 :    727    732    130
  1083 :    204    747    203
  1084 :    127    730    725
  1085 :    178    753    177
  1086 :    552    830    733
  1087 :    434    806    660
  1088 :    479    763    660
  1089 :     82    744     81
  1090 :     99    740    554
  1091 :    732    734    129
  1092 :    128    734    730
  1093 :    428    780    707
  1094 :    177    753    745
  1095 :    113    746    437
  1096 :    438    751    738
  1097 :     82    752    744
  1098 :    159    567    521
  1099 :    435    695    684
  1100 :    327    761    742
  1101 :    267    694     17
  1102 :    179    754    178
  1103 :     83    752     82
  1104 :    178    754    753
  1105 :    640    751    438
  1106 :    268    765    760
  1107 :    774    776    510
  1108 :    294    794     19
  1109 :    365    757    364
  1110 :    747    773    203
  1111 :    762    767    272
  1112 :    640    755    751
  1113 :    757    759    364
  1114 :    699    793    524
  1115 :    364    759    363
  1116 :    328    761    327
  1117 :    722    811    529
  1118 :    440    755    640
  1119 :    536    772    658
  1120 :    186    760    185
  1121 :    273    762    272
  1122 :    353    827    352
  1123 :    267    760    694
  1124 :    185    765    184
  1125 :    183    769    182
  1126 :    811    844    579
  1127 :    694    760    186
  1128 :    184    768    183
  1129 :    611    792    439
  1130 :    272    767    271
  1131 :    203    773    202
  1132 :    440    771    755
  1133 :    531    849    530
  1134 :    760    765    185
  1135 :    216    775    215
  1136 :    264    756     16
  1137 :    768    769    183
  1138 :    765    768    184
  1139 :     86    774     85
  1140 :    644    764    444
  1141 :    434    756    264
  1142 :    638    771    440
  1143 :    527    731    538
  1144 :    420    781    419
  1145 :     19    766    490
  1146 :    361    779    360
  1147 :    638    777    771
  1148 :    265    806    434
  1149 :    443    777    638
  1150 :    350    847    349
  1151 :    510    776    362
  1152 :    437    770    657
  1153 :    330    783    329
  1154 :    799    809    519
  1155 :      8    824    800
  1156 :    443    784    777
  1157 :    589    824      8
  1158 :    400    791    399
  1159 :    347    870    346
  1160 :    802    816    710
  1161 :     89    786     88
  1162 :    758    762    273
  1163 :    637    784    443
  1164 :    764    789    444
  1165 :    657    778    442
  1166 :    658    780    428
  1167 :    446    788    610
  1168 :    330    799    783
  1169 :    533    805    356
  1170 :    358    793    357
  1171 :    637    790    784
  1172 :    447    790    637
  1173 :    518    787    359
  1174 :    780    782    574
  1175 :    772    780    658
  1176 :    770    778    657
  1177 :    713    808    542
  1178 :    601    844    430
  1179 :    596    802    472
  1180 :    786    787    518
  1181 :    153    868    508
  1182 :    547    827    353
  1183 :    447    795    790
  1184 :    444    789    655
  1185 :    542    797     92
  1186 :    331    799    330
  1187 :    605    792    481
  1188 :    617    798    616
  1189 :    441    818     25
  1190 :      8    800    119
  1191 :    639    795    447
  1192 :    214    803    213
  1193 :    201    807    200
  1194 :    594    837    453
  1195 :    552    847    350
  1196 :    355    808    354
  1197 :    639    801    795
  1198 :    594    861    837
  1199 :    449    801    639
  1200 :    789    796    655
  1201 :    655    796    448
  1202 :    549    815     95
  1203 :    449    812    801
  1204 :    266    806    265
  1205 :    754    758    274
  1206 :    333    817    332
  1207 :    807    828    200
  1208 :    411    813     24
  1209 :    641    812    449
  1210 :    483    785    484
  1211 :    782    785    450
  1212 :    556    870    347
  1213 :    519    809    417
  1214 :    333    825    817
  1215 :    813    820    530
  1216 :    796    810    448
  1217 :    336    822    335
  1218 :    200    828    199
  1219 :    352    830    351
  1220 :    453    823    606
  1221 :    641    819    812
  1222 :    452    819    641
  1223 :    334    825    333
  1224 :    528    862    614
  1225 :    554    832     98
  1226 :    733    830    549
  1227 :    448    810    652
  1228 :    452    829    819
  1229 :    560    749    748
  1230 :    860    862    528
  1231 :    404    857    403
  1232 :    862    866    614
  1233 :    828    842    199
  1234 :    866    867    537
  1235 :    540    826    414
  1236 :    559    785    483
  1237 :    152    841    151
  1238 :    746    836    437
  1239 :    643    829    452
  1240 :    199    842    198
  1241 :    349    848    348
  1242 :    652    821    451
  1243 :    825    826    540
  1244 :    766    794    508
  1245 :    539    859    624
  1246 :    296    850    295
  1247 :    453    837    823
  1248 :    530    820    337
  1249 :    298    869    297
  1250 :    537    867    612
  1251 :    430    811    722
  1252 :    614    866    537
  1253 :    810    821    652
  1254 :    643    835    829
  1255 :    615    860    528
  1256 :    456    835    643
  1257 :    587    861    594
  1258 :    179    758    754
  1259 :    558    843    101
  1260 :    338    863     21
  1261 :    150    856    149
  1262 :    117    839    116
  1263 :    456    840    835
  1264 :    821    833    451
  1265 :    604    864    605
  1266 :    748    749    424
  1267 :    576    831    158
  1268 :    646    840    456
  1269 :    579    844    580
  1270 :    451    833    651
  1271 :    813    849     24
  1272 :    253    858    252
  1273 :    508    868    766
  1274 :     24    849    731
  1275 :    740    848    554
  1276 :    646    846    840
  1277 :    459    846    646
  1278 :     11    804    694
  1279 :    251    865    250
  1280 :    651    838    455
  1281 :    763    764    644
  1282 :    459    852    846
  1283 :    649    852    459
  1284 :    833    838    651
  1285 :    838    845    455
  1286 :    461    853    649
  1287 :    649    853    852
  1288 :    455    845    653
  1289 :    735    802    596
  1290 :    479    764    763
  1291 :    653    851    458
  1292 :    158    831      1
  1293 :    845    851    653
  1294 :    426    814    374
  1295 :    484    785    782
  1296 :    567    834    521
  1297 :    484    782    772
  1298 :    472    802    710
  1299 :    770    836    591
  1300 :    522    802    735
  1301 :    527    854    731
  1302 :    710    816     18
  1303 :    521    816    522
  1304 :    797    805    533
  1305 :     19    794    766
  1306 :    694    804     17
  1307 :    815    827    547
  1308 :    766    868    562
  1309 :    832    847    552
  1310 :    542    805    797
  1311 :    437    836    770
  1312 :    530    849    813
  1313 :    843    870    556
  1314 :    731    854     24
  1315 :    549    827    815
  1316 :    521    834    816
  1317 :    816    834     18
  1318 :    554    847    832
  1319 :    558    870    843
Number of domains 25
  Domain :      0 
  Name : left
  Number of elements :      3
     0     1     2
  Domain :      1 
  Name : front
  Number of elements :     46
     3     4     5     6     7     8     9    10    11    12
    13    14    15    16    17    18    19    20    21    22
    23    24    25    26    27    28    29    30    31    32
    33    34    35    36    37    38    39    40    41    42
    43    44    45    46    47    48
  Domain :      2 
  Name : Entity 26 
  Number of elements :      4
    49    50    51    52
  Domain :      3 
  Name : Entity 27 
  Number of elements :     37
    53    54    55    56    57    58    59    60    61    62
    63    64    65    66    67    68    69    70    71    72
    73    74    75    76    77    78    79    80    81    82
    83    84    85    86    87    88    89
  Domain :      4 
  Name : Entity 28 
  Number of elements :      4
    90    91    92    93
  Domain :      5 
  Name : top
  Number of elements :      3
    94    95    96
  Domain :      6 
  Name : Entity 30 
  Number of elements :      5
    97    98    99   100   101
  Domain :      7 
  Name : Entity 31 
  Number of elements :     35
   102   103   104   105   106   107   108   109   110   111
   112   113   114   115   116   117   118   119   120   121
   122   123   124   125   126   127   128   129   130   131
   132   133   134   135   136
  Domain :      8 
  Name : Entity 32 
  Number of elements :      5
   137   138   139   140   141
  Domain :      9 
  Name : Entity 33 
  Number of elements :      2
   142   143
  Domain :     10 
  Name : Entity 34 
  Number of elements :     29
   144   145   146   147   148   149   150   151   152   153
   154   155   156   157   158   159   160   161   162   163
   164   165   166   167   168   169   170   171   172
  Domain :     11 
  Name : middle
  Number of elements :      1
   173
  Domain :     12 
  Name : Entity 36 
  Number of elements :      3
   174   175   176
  Domain :     13 
  Name : Entity 37 
  Number of elements :      2
   177   178
  Domain :     14 
  Name : right
  Number of elements :     37
   179   180   181   182   183   184   185   186   187   188
   189   190   191   192   193   194   195   196   197   198
   199   200   201   202   203   204   205   206   207   208
   209   210   211   212   213   214   215
  Domain :     15 
  Name : Entity 39 
  Number of elements :     39
   216   217   218   219   220   221   222   223   224   225
   226   227   228   229   230   231   232   233   234   235
   236   237   238   239   240   241   242   243   244   245
   246   247   248   249   250   251   252   253   254
  Domain :     16 
  Name : Entity 40 
  Number of elements :      4
   255   256   257   258
  Domain :     17 
  Name : Entity 41 
  Number of elements :     28
   259   260   261   262   263   264   265   266   267   268
   269   270   271   272   273   274   275   276   277   278
   279   280   281   282   283   284   285   286
  Domain :     18 
  Name : Entity 42 
  Number of elements :      1
   287
  Domain :     19 
  Name : Entity 43 
  Number of elements :     32
   288   289   290   291   292   293   294   295   296   297
   298   299   300   301   302   303   304   305   306   307
   308   309   310   311   312   313   314   315   316   317
   318   319
  Domain :     20 
  Name : Entity 44 
  Number of elements :     14
   320   321   322   323   324   325   326   327   328   329
   330   331   332   333
  Domain :     21 
  Name : Entity 45 
  Number of elements :     37
   334   335   336   337   338   339   340   341   342   343
   344   345   346   347   348   349   350   351   352   353
   354   355   356   357   358   359   360   361   362   363
   364   365   366   367   368   369   370
  Domain :     22 
  Name : Entity 46 
  Number of elements :      2
   371   372
  Domain :     23 
  Name : Entity 47 
  Number of elements :     37
   373   374   375   376   377   378   379   380   381   382
   383   384   385   386   387   388   389   390   391   392
   393   394   395   396   397   398   399   400   401   402
   403   404   405   406   407   408   409
  Domain :     24 
  Name : Entity 48 
  Number of elements :     14
   410   411   412   413   414   415   416   417   418   419
   420   421   422   423
