Number of nodes 658 
     0 :  1.0000000e+00  0.0000000e+00 
     1 :  1.2000000e+00  0.0000000e+00 
     2 :  9.9920940e-01  3.9756515e-02 
     3 :  9.9683884e-01  7.9450167e-02 
     4 :  9.9289207e-01  1.1901819e-01 
     5 :  9.8737534e-01  1.5839802e-01 
     6 :  9.8029737e-01  1.9752740e-01 
     7 :  9.7166934e-01  2.3634444e-01 
     8 :  9.6150490e-01  2.7478777e-01 
     9 :  9.4982013e-01  3.1279661e-01 
    10 :  9.3663350e-01  3.5031085e-01 
    11 :  9.2196585e-01  3.8727117e-01 
    12 :  9.0584039e-01  4.2361915e-01 
    13 :  8.8828261e-01  4.5929729e-01 
    14 :  8.6932027e-01  4.9424919e-01 
    15 :  8.4898336e-01  5.2841958e-01 
    16 :  8.2730403e-01  5.6175443e-01 
    17 :  8.0431657e-01  5.9420103e-01 
    18 :  7.8005731e-01  6.2570808e-01 
    19 :  7.5456462e-01  6.5622575e-01 
    20 :  7.2787881e-01  6.8570580e-01 
    21 :  7.0004207e-01  7.1410160e-01 
    22 :  6.7109843e-01  7.4136826e-01 
    23 :  6.4109364e-01  7.6746267e-01 
    24 :  6.1007515e-01  7.9234356e-01 
    25 :  5.7809200e-01  8.1597159e-01 
    26 :  5.4519477e-01  8.3830941e-01 
    27 :  5.1143548e-01  8.5932168e-01 
    28 :  4.7686750e-01  8.7897519e-01 
    29 :  4.4154550e-01  8.9723886e-01 
    30 :  4.0552532e-01  9.1408381e-01 
    31 :  3.6886392e-01  9.2948341e-01 
    32 :  3.3161928e-01  9.4341330e-01 
    33 :  2.9385027e-01  9.5585146e-01 
    34 :  2.5561663e-01  9.6677823e-01 
    35 :  2.1697881e-01  9.7617631e-01 
    36 :  1.7799790e-01  9.8403087e-01 
    37 :  1.3873553e-01  9.9032947e-01 
    38 :  9.9253799e-02  9.9506215e-01 
    39 :  5.9615125e-02  9.9822144e-01 
    40 :  1.9882188e-02  9.9980233e-01 
    41 : -1.9882188e-02  9.9980233e-01 
    42 : -5.9615125e-02  9.9822144e-01 
    43 : -9.9253799e-02  9.9506215e-01 
    44 : -1.3873553e-01  9.9032947e-01 
    45 : -1.7799790e-01  9.8403087e-01 
    46 : -2.1697881e-01  9.7617631e-01 
    47 : -2.5561663e-01  9.6677823e-01 
    48 : -2.9385027e-01  9.5585146e-01 
    49 : -3.3161928e-01  9.4341330e-01 
    50 : -3.6886392e-01  9.2948341e-01 
    51 : -4.0552532e-01  9.1408381e-01 
    52 : -4.4154550e-01  8.9723886e-01 
    53 : -4.7686750e-01  8.7897519e-01 
    54 : -5.1143548e-01  8.5932168e-01 
    55 : -5.4519477e-01  8.3830941e-01 
    56 : -5.7809200e-01  8.1597159e-01 
    57 : -6.1007515e-01  7.9234356e-01 
    58 : -6.4109364e-01  7.6746267e-01 
    59 : -6.7109843e-01  7.4136826e-01 
    60 : -7.0004207e-01  7.1410160e-01 
    61 : -7.2787881e-01  6.8570580e-01 
    62 : -7.5456462e-01  6.5622575e-01 
    63 : -7.8005731e-01  6.2570808e-01 
    64 : -8.0431657e-01  5.9420103e-01 
    65 : -8.2730403e-01  5.6175443e-01 
    66 : -8.4898336e-01  5.2841958e-01 
    67 : -8.6932027e-01  4.9424919e-01 
    68 : -8.8828261e-01  4.5929729e-01 
    69 : -9.0584039e-01  4.2361915e-01 
    70 : -9.2196585e-01  3.8727117e-01 
    71 : -9.3663350e-01  3.5031085e-01 
    72 : -9.4982013e-01  3.1279661e-01 
    73 : -9.6150490e-01  2.7478777e-01 
    74 : -9.7166934e-01  2.3634444e-01 
    75 : -9.8029737e-01  1.9752740e-01 
    76 : -9.8737534e-01  1.5839802e-01 
    77 : -9.9289207e-01  1.1901819e-01 
    78 : -9.9683884e-01  7.9450167e-02 
    79 : -9.9920940e-01  3.9756515e-02 
    80 : -1.0000000e+00  1.8988215e-15 
    81 : -9.9920940e-01 -3.9756515e-02 
    82 : -9.9683884e-01 -7.9450167e-02 
    83 : -9.9289207e-01 -1.1901819e-01 
    84 : -9.8737534e-01 -1.5839802e-01 
    85 : -9.8029737e-01 -1.9752740e-01 
    86 : -9.7166934e-01 -2.3634444e-01 
    87 : -9.6150490e-01 -2.7478777e-01 
    88 : -9.4982013e-01 -3.1279661e-01 
    89 : -9.3663350e-01 -3.5031085e-01 
    90 : -9.2196585e-01 -3.8727117e-01 
    91 : -9.0584039e-01 -4.2361915e-01 
    92 : -8.8828261e-01 -4.5929729e-01 
    93 : -8.6932027e-01 -4.9424919e-01 
    94 : -8.4898336e-01 -5.2841958e-01 
    95 : -8.2730403e-01 -5.6175443e-01 
    96 : -8.0431657e-01 -5.9420103e-01 
    97 : -7.8005731e-01 -6.2570808e-01 
    98 : -7.5456462e-01 -6.5622575e-01 
    99 : -7.2787881e-01 -6.8570580e-01 
   100 : -7.0004207e-01 -7.1410160e-01 
   101 : -6.7109843e-01 -7.4136826e-01 
   102 : -6.4109364e-01 -7.6746267e-01 
   103 : -6.1007515e-01 -7.9234356e-01 
   104 : -5.7809200e-01 -8.1597159e-01 
   105 : -5.4519477e-01 -8.3830941e-01 
   106 : -5.1143548e-01 -8.5932168e-01 
   107 : -4.7686750e-01 -8.7897519e-01 
   108 : -4.4154550e-01 -8.9723886e-01 
   109 : -4.0552532e-01 -9.1408381e-01 
   110 : -3.6886392e-01 -9.2948341e-01 
   111 : -3.3161928e-01 -9.4341330e-01 
   112 : -2.9385027e-01 -9.5585146e-01 
   113 : -2.5561663e-01 -9.6677823e-01 
   114 : -2.1697881e-01 -9.7617631e-01 
   115 : -1.7799790e-01 -9.8403087e-01 
   116 : -1.3873553e-01 -9.9032947e-01 
   117 : -9.9253799e-02 -9.9506215e-01 
   118 : -5.9615125e-02 -9.9822144e-01 
   119 : -1.9882188e-02 -9.9980233e-01 
   120 :  1.9882188e-02 -9.9980233e-01 
   121 :  5.9615125e-02 -9.9822144e-01 
   122 :  9.9253799e-02 -9.9506215e-01 
   123 :  1.3873553e-01 -9.9032947e-01 
   124 :  1.7799790e-01 -9.8403087e-01 
   125 :  2.1697881e-01 -9.7617631e-01 
   126 :  2.5561663e-01 -9.6677823e-01 
   127 :  2.9385027e-01 -9.5585146e-01 
   128 :  3.3161928e-01 -9.4341330e-01 
   129 :  3.6886392e-01 -9.2948341e-01 
   130 :  4.0552532e-01 -9.1408381e-01 
   131 :  4.4154550e-01 -8.9723886e-01 
   132 :  4.7686750e-01 -8.7897519e-01 
   133 :  5.1143548e-01 -8.5932168e-01 
   134 :  5.4519477e-01 -8.3830941e-01 
   135 :  5.7809200e-01 -8.1597159e-01 
   136 :  6.1007515e-01 -7.9234356e-01 
   137 :  6.4109364e-01 -7.6746267e-01 
   138 :  6.7109843e-01 -7.4136826e-01 
   139 :  7.0004207e-01 -7.1410160e-01 
   140 :  7.2787881e-01 -6.8570580e-01 
   141 :  7.5456462e-01 -6.5622575e-01 
   142 :  7.8005731e-01 -6.2570808e-01 
   143 :  8.0431657e-01 -5.9420103e-01 
   144 :  8.2730403e-01 -5.6175443e-01 
   145 :  8.4898336e-01 -5.2841958e-01 
   146 :  8.6932027e-01 -4.9424919e-01 
   147 :  8.8828261e-01 -4.5929729e-01 
   148 :  9.0584039e-01 -4.2361915e-01 
   149 :  9.2196585e-01 -3.8727117e-01 
   150 :  9.3663350e-01 -3.5031085e-01 
   151 :  9.4982013e-01 -3.1279661e-01 
   152 :  9.6150490e-01 -2.7478777e-01 
   153 :  9.7166934e-01 -2.3634444e-01 
   154 :  9.8029737e-01 -1.9752740e-01 
   155 :  9.8737534e-01 -1.5839802e-01 
   156 :  9.9289207e-01 -1.1901819e-01 
   157 :  9.9683884e-01 -7.9450167e-02 
   158 :  9.9920940e-01 -3.9756515e-02 
   159 :  1.1907080e+00  1.4904553e-01 
   160 :  1.1629757e+00  2.9578283e-01 
   161 :  1.1172328e+00  4.3793941e-01 
   162 :  1.0541875e+00  5.7331374e-01 
   163 :  9.7481636e-01  6.9980931e-01 
   164 :  8.8034845e-01  8.1546711e-01 
   165 :  7.7224682e-01  9.1849597e-01 
   166 :  6.5868767e-01  1.0030606e+00 
   167 :  5.6140802e-01  1.0605758e+00 
   168 :  4.8356200e-01  1.0982567e+00 
   169 :  4.1989859e-01  1.1241375e+00 
   170 :  3.6555814e-01  1.1429642e+00 
   171 :  3.1720348e-01  1.1573167e+00 
   172 :  2.7263929e-01  1.1686179e+00 
   173 :  2.3040863e-01  1.1776722e+00 
   174 :  1.8953437e-01  1.1849374e+00 
   175 :  1.4936790e-01  1.1906676e+00 
   176 :  1.0949996e-01  1.1949936e+00 
   177 :  6.9702707e-02  1.1979739e+00 
   178 :  2.9883302e-02  1.1996279e+00 
   179 : -9.9619813e-03  1.1999586e+00 
   180 : -4.9797533e-02  1.1989663e+00 
   181 : -8.9600941e-02  1.1966502e+00 
   182 : -1.2941454e-01  1.1930012e+00 
   183 : -1.6939308e-01  1.1879840e+00 
   184 : -2.0984893e-01  1.1815090e+00 
   185 : -2.5130241e-01  1.1733913e+00 
   186 : -2.9455225e-01  1.1632880e+00 
   187 : -3.4079110e-01  1.1505918e+00 
   188 : -3.9180404e-01  1.1342352e+00 
   189 : -4.5029851e-01  1.1123090e+00 
   190 : -5.2035275e-01  1.0813108e+00 
   191 : -6.0741489e-01  1.0349141e+00 
   192 : -7.1451478e-01  9.6408953e-01 
   193 : -8.2790188e-01  8.6866477e-01 
   194 : -9.2938329e-01  7.5910915e-01 
   195 : -1.0164716e+00  6.3779740e-01 
   196 : -1.0878180e+00  5.0660824e-01 
   197 : -1.1423177e+00  3.6757337e-01 
   198 : -1.1791267e+00  2.2284599e-01 
   199 : -1.1976747e+00  7.4667449e-02 
   200 : -1.1976747e+00 -7.4667449e-02 
   201 : -1.1791267e+00 -2.2284599e-01 
   202 : -1.1423177e+00 -3.6757337e-01 
   203 : -1.0878180e+00 -5.0660824e-01 
   204 : -1.0164716e+00 -6.3779740e-01 
   205 : -9.2938329e-01 -7.5910915e-01 
   206 : -8.2790188e-01 -8.6866477e-01 
   207 : -7.1451478e-01 -9.6408953e-01 
   208 : -6.0741489e-01 -1.0349141e+00 
   209 : -5.2035275e-01 -1.0813108e+00 
   210 : -4.5029851e-01 -1.1123090e+00 
   211 : -3.9180404e-01 -1.1342352e+00 
   212 : -3.4079110e-01 -1.1505918e+00 
   213 : -2.9455225e-01 -1.1632880e+00 
   214 : -2.5130241e-01 -1.1733913e+00 
   215 : -2.0984893e-01 -1.1815090e+00 
   216 : -1.6939308e-01 -1.1879840e+00 
   217 : -1.2941454e-01 -1.1930012e+00 
   218 : -8.9600941e-02 -1.1966502e+00 
   219 : -4.9797533e-02 -1.1989663e+00 
   220 : -9.9619813e-03 -1.1999586e+00 
   221 :  2.9883302e-02 -1.1996279e+00 
   222 :  6.9702707e-02 -1.1979739e+00 
   223 :  1.0949996e-01 -1.1949936e+00 
   224 :  1.4936790e-01 -1.1906676e+00 
   225 :  1.8953437e-01 -1.1849374e+00 
   226 :  2.3040863e-01 -1.1776722e+00 
   227 :  2.7263929e-01 -1.1686179e+00 
   228 :  3.1720348e-01 -1.1573167e+00 
   229 :  3.6555814e-01 -1.1429642e+00 
   230 :  4.1989859e-01 -1.1241375e+00 
   231 :  4.8356200e-01 -1.0982567e+00 
   232 :  5.6140802e-01 -1.0605758e+00 
   233 :  6.5868767e-01 -1.0030606e+00 
   234 :  7.7224682e-01 -9.1849597e-01 
   235 :  8.8034845e-01 -8.1546711e-01 
   236 :  9.7481636e-01 -6.9980931e-01 
   237 :  1.0541875e+00 -5.7331374e-01 
   238 :  1.1172328e+00 -4.3793941e-01 
   239 :  1.1629757e+00 -2.9578283e-01 
   240 :  1.1907080e+00 -1.4904553e-01 
   241 :  4.0883581e-02 -1.0333016e+00 
   242 :  4.1547665e-02  1.0332044e+00 
   243 : -1.2095579e-01 -1.0287254e+00 
   244 : -1.2075052e-01  1.0288886e+00 
   245 : -4.0670569e-02 -1.0332369e+00 
   246 : -4.0670569e-02  1.0332369e+00 
   247 :  1.2263979e-01  1.0267471e+00 
   248 :  1.2241147e-01 -1.0269726e+00 
   249 :  2.0275517e-01  1.0175521e+00 
   250 :  2.0273676e-01 -1.0174442e+00 
   251 : -2.0715759e-01  1.0115947e+00 
   252 : -2.0780145e-01 -1.0117374e+00 
   253 :  2.9280565e-01  9.9951953e-01 
   254 :  2.8419631e-01 -9.9442615e-01 
   255 : -2.8413252e-01  9.9451432e-01 
   256 : -2.8468478e-01 -9.9457345e-01 
   257 : -3.6144645e-01  9.6720602e-01 
   258 : -3.6158985e-01 -9.6685460e-01 
   259 :  3.5856764e-01  9.6778131e-01 
   260 :  3.5949771e-01 -9.6844784e-01 
   261 : -1.8281065e-01 -1.1488184e+00 
   262 : -1.8281065e-01  1.1488184e+00 
   263 :  8.9779035e-02  1.1640424e+00 
   264 :  8.9951232e-02 -1.1641843e+00 
   265 :  6.6276559e-03 -1.1673619e+00 
   266 :  6.7304543e-03  1.1673432e+00 
   267 : -1.0612376e-01  1.1609683e+00 
   268 : -1.0612376e-01 -1.1609683e+00 
   269 :  1.6878642e-01 -1.1540958e+00 
   270 :  1.6867479e-01  1.1540757e+00 
   271 :  4.3812356e-01  9.3685572e-01 
   272 :  4.3799090e-01 -9.3629900e-01 
   273 : -2.6393255e-01  1.1294059e+00 
   274 : -2.6401574e-01 -1.1301379e+00 
   275 :  2.4402518e-01  1.1372155e+00 
   276 :  2.4418850e-01 -1.1370103e+00 
   277 : -4.7502330e-01  9.1869678e-01 
   278 : -4.7502330e-01 -9.1869678e-01 
   279 :  5.1161661e-01 -9.0034928e-01 
   280 :  5.1204787e-01  9.0014255e-01 
   281 :  3.2927222e-01 -1.1085706e+00 
   282 :  3.2918134e-01  1.1086541e+00 
   283 : -3.5271079e-01  1.0984922e+00 
   284 : -3.5256457e-01 -1.0986323e+00 
   285 : -5.4739178e-01  8.8047195e-01 
   286 : -5.4753742e-01 -8.7923947e-01 
   287 :  6.1531052e-01  8.3330146e-01 
   288 :  6.1543039e-01 -8.2644118e-01 
   289 : -4.5517040e-01 -1.0444342e+00 
   290 : -4.5517040e-01  1.0444342e+00 
   291 :  4.2758644e-01  1.0661743e+00 
   292 :  4.3030300e-01 -1.0654105e+00 
   293 : -6.4696030e-01  8.0021886e-01 
   294 : -6.4715496e-01 -8.0048234e-01 
   295 :  7.0870765e-01  7.4653532e-01 
   296 :  7.0918387e-01 -7.5280086e-01 
   297 : -9.0907068e-01 -4.9319511e-01 
   298 : -9.1851373e-01  5.0583450e-01 
   299 :  1.0373597e+00 -5.8598996e-02 
   300 :  1.0421433e+00  6.5062729e-02 
   301 : -9.6130826e-01  3.8149356e-01 
   302 : -9.6130826e-01 -3.8149356e-01 
   303 : -8.4557002e-01 -6.0635291e-01 
   304 : -8.4390988e-01  5.9788546e-01 
   305 :  1.0251987e+00 -1.7940959e-01 
   306 :  1.0177234e+00  1.8409242e-01 
   307 : -1.0137950e+00  2.5992177e-01 
   308 : -1.0044012e+00 -2.7171810e-01 
   309 :  7.9374004e-01  6.6304423e-01 
   310 :  7.9374004e-01 -6.6304423e-01 
   311 : -7.6675218e-01 -6.9407636e-01 
   312 : -7.7162483e-01  7.0097732e-01 
   313 :  9.8857914e-01 -3.0391150e-01 
   314 :  9.9306210e-01  3.1152529e-01 
   315 : -1.0312300e+00  1.5081139e-01 
   316 : -1.0360242e+00 -1.4589091e-01 
   317 :  8.6923074e-01  5.7241442e-01 
   318 :  8.6701252e-01 -5.6386185e-01 
   319 :  9.4744406e-01 -4.1840679e-01 
   320 :  9.4538139e-01  4.1941022e-01 
   321 : -1.0340349e+00  2.0562940e-02 
   322 : -7.1874604e-01  7.5423737e-01 
   323 : -7.1147058e-01 -7.5272496e-01 
   324 : -1.0301391e+00 -5.9927337e-02 
   325 :  9.0907068e-01 -4.9319511e-01 
   326 :  9.0907068e-01  4.9319511e-01 
   327 :  5.7244894e-01 -9.6498094e-01 
   328 :  5.0544164e-01 -9.9808283e-01 
   329 :  5.7265452e-01  9.6451739e-01 
   330 :  5.0195518e-01  1.0005988e+00 
   331 :  6.5348944e-01  9.0906914e-01 
   332 :  6.5997516e-01 -9.1615495e-01 
   333 : -4.0113591e-01 -1.0754883e+00 
   334 : -3.5604825e-01 -1.0485818e+00 
   335 : -3.1302811e-01 -1.0693373e+00 
   336 : -4.0110192e-01 -1.0240141e+00 
   337 : -4.3748133e-01 -9.8614216e-01 
   338 : -5.0459455e-01 -1.0025690e+00 
   339 : -5.8225224e-01 -9.5487030e-01 
   340 : -6.4121253e-01 -8.9005792e-01 
   341 : -4.0116027e-01  1.0754649e+00 
   342 : -3.5589552e-01  1.0487518e+00 
   343 : -3.1267968e-01  1.0689553e+00 
   344 : -4.0093128e-01  1.0241550e+00 
   345 : -4.3700511e-01  9.8615971e-01 
   346 : -5.0459455e-01  1.0025690e+00 
   347 : -5.6950575e-01  9.5955162e-01 
   348 : -6.3859877e-01  8.8937444e-01 
   349 :  3.7867804e-01 -1.0862841e+00 
   350 :  3.3095377e-01 -1.0526077e+00 
   351 :  2.8919074e-01 -1.0774652e+00 
   352 :  3.8466183e-01 -1.0356615e+00 
   353 :  3.7596395e-01  1.0892327e+00 
   354 :  3.3765420e-01  1.0595288e+00 
   355 :  2.9322227e-01  1.0747054e+00 
   356 :  3.8244057e-01  1.0369434e+00 
   357 :  4.4102505e-01  1.0115683e+00 
   358 :  3.3842723e-01  1.0100497e+00 
   359 :  2.6050422e-04 -1.0338425e+00 
   360 : -2.0349235e-02 -1.0681895e+00 
   361 : -6.1139900e-02 -1.0675920e+00 
   362 : -4.1343588e-02 -1.1025029e+00 
   363 :  1.7959926e-03 -1.1021145e+00 
   364 : -8.1272723e-02 -1.1007540e+00 
   365 : -6.2594410e-02 -1.1375432e+00 
   366 : -1.0124793e-01 -1.0661961e+00 
   367 : -1.2150352e-01 -1.1006183e+00 
   368 : -1.4159358e-01 -1.0642020e+00 
   369 : -1.6188822e-01 -1.1036257e+00 
   370 : -1.8092438e-01 -1.0668123e+00 
   371 : -2.0152665e-01 -1.1041165e+00 
   372 : -2.2187249e-01 -1.0708814e+00 
   373 : -1.3674422e-01 -1.1351964e+00 
   374 :  8.1495861e-02 -1.0310304e+00 
   375 :  1.0511711e-01 -1.0634870e+00 
   376 :  1.4580956e-01 -1.0598094e+00 
   377 :  1.2893227e-01 -1.0948746e+00 
   378 :  1.6892681e-01 -1.0916512e+00 
   379 :  8.9448299e-02 -1.0999382e+00 
   380 :  1.8608495e-01 -1.0551327e+00 
   381 :  2.0736703e-01 -1.0861400e+00 
   382 :  2.2484003e-01 -1.0523872e+00 
   383 :  2.4575985e-01 -1.0154077e+00 
   384 :  6.3604169e-02 -1.0670173e+00 
   385 :  4.6594454e-02 -1.1014170e+00 
   386 :  2.8190035e-01 -1.0359171e+00 
   387 :  8.2134787e-02  1.0305109e+00 
   388 :  1.0541661e-01  1.0631457e+00 
   389 :  1.4580349e-01  1.0597021e+00 
   390 :  1.2878520e-01  1.0946627e+00 
   391 :  1.6875314e-01  1.0916641e+00 
   392 :  8.8647493e-02  1.0983933e+00 
   393 :  1.8603643e-01  1.0552231e+00 
   394 :  2.0721175e-01  1.0863521e+00 
   395 :  2.2483241e-01  1.0526237e+00 
   396 :  2.4701883e-01  1.0150679e+00 
   397 :  5.9218212e-04  1.0339532e+00 
   398 : -2.1243806e-02  1.0682731e+00 
   399 : -6.1300233e-02  1.0674765e+00 
   400 : -4.1519405e-02  1.1024976e+00 
   401 :  9.0114800e-04  1.1022886e+00 
   402 : -8.1328748e-02  1.1007339e+00 
   403 : -6.2606480e-02  1.1375418e+00 
   404 : -1.0124977e-01  1.0662007e+00 
   405 : -1.2151317e-01  1.1006157e+00 
   406 : -1.4135601e-01  1.0643927e+00 
   407 : -1.6185023e-01  1.1036571e+00 
   408 : -1.8092438e-01  1.0668123e+00 
   409 : -2.0148810e-01  1.1041419e+00 
   410 : -2.2169382e-01  1.0726352e+00 
   411 : -1.3673949e-01  1.1352012e+00 
   412 : -1.6698706e-01 -1.0271192e+00 
   413 : -1.6683182e-01  1.0271494e+00 
   414 :  2.8152010e-01  1.0358672e+00 
   415 :  2.2131578e-02 -1.0676471e+00 
   416 :  6.5151052e-02  1.0664730e+00 
   417 :  4.5724729e-02  1.0995626e+00 
   418 :  2.2112162e-02  1.0672925e+00 
   419 :  3.4719114e-01 -1.0086076e+00 
   420 : -2.4692054e-01 -1.0037742e+00 
   421 : -2.7823377e-01 -1.0348503e+00 
   422 : -3.1823159e-01 -1.0227416e+00 
   423 : -2.6791504e-01 -1.0800336e+00 
   424 : -2.4621757e-01  1.0035472e+00 
   425 : -2.7748361e-01  1.0348255e+00 
   426 : -3.1793099e-01  1.0226922e+00 
   427 : -2.6819122e-01  1.0799434e+00 
   428 : -8.0480518e-02 -1.0315057e+00 
   429 : -8.0473336e-02  1.0315144e+00 
   430 : -4.0019985e-01  9.5334641e-01 
   431 : -4.0056801e-01 -9.5341576e-01 
   432 :  1.6232805e-01  1.0222641e+00 
   433 :  1.6229603e-01 -1.0222865e+00 
   434 :  4.4226040e-01 -1.0106103e+00 
   435 :  3.9933033e-01 -9.5191659e-01 
   436 : -3.2381126e-01  9.8174040e-01 
   437 :  7.0382247e-01  8.4489370e-01 
   438 :  7.0137422e-01 -8.4723555e-01 
   439 : -1.7030647e-02 -1.1352255e+00 
   440 : -1.7091171e-02  1.1352316e+00 
   441 : -2.2430170e-01 -1.1390972e+00 
   442 : -2.2426419e-01  1.1390274e+00 
   443 :  3.9974656e-01  9.5265871e-01 
   444 :  2.4764619e-01  1.0929757e+00 
   445 : -3.0547626e-01  1.1151128e+00 
   446 : -3.0547780e-01 -1.1153368e+00 
   447 :  2.4720629e-01 -1.0931152e+00 
   448 :  1.0991252e-01 -1.1292177e+00 
   449 :  1.0957322e-01  1.1288240e+00 
   450 :  2.8398629e-01  1.1232476e+00 
   451 :  2.8328342e-01 -1.1236827e+00 
   452 : -3.2397731e-01 -9.8169991e-01 
   453 : -4.3812356e-01  9.3685572e-01 
   454 : -5.1198148e-01  9.0050907e-01 
   455 : -4.3852787e-01 -9.3734854e-01 
   456 :  2.0753317e-01  1.1478590e+00 
   457 :  2.0767908e-01 -1.1477572e+00 
   458 :  4.8578348e-02 -1.1652005e+00 
   459 :  4.8577705e-02  1.1651428e+00 
   460 :  5.4742081e-01 -8.7998067e-01 
   461 :  5.4726721e-01  8.7916852e-01 
   462 :  4.7601038e-01  9.2047091e-01 
   463 :  4.7562322e-01 -9.1985059e-01 
   464 :  5.1256979e-01 -9.4478263e-01 
   465 :  9.7571510e-01 -3.4297369e-01 
   466 :  1.0489377e+00 -3.4257145e-01 
   467 :  1.0484356e+00 -2.7332952e-01 
   468 :  1.0062301e+00 -3.9307545e-01 
   469 :  9.9627756e-01 -2.6262733e-01 
   470 : -6.1785014e-01 -8.3244619e-01 
   471 : -6.7976931e-01 -7.8163630e-01 
   472 : -6.7886053e-01 -8.3165836e-01 
   473 :  8.4390988e-01 -5.9788546e-01 
   474 :  8.8878341e-01 -6.0340302e-01 
   475 :  9.2532676e-01 -5.5747435e-01 
   476 :  8.6854720e-01 -6.6881307e-01 
   477 :  1.0242376e+00  1.4348574e-01 
   478 :  1.0567771e+00  1.6775425e-01 
   479 :  1.0590043e+00  2.3088549e-01 
   480 :  1.0743552e+00  1.1299666e-01 
   481 :  1.1113580e+00  4.4595699e-02 
   482 : -9.4538139e-01  4.1941022e-01 
   483 : -9.8503677e-01  4.1658921e-01 
   484 : -1.0172118e+00  3.6371325e-01 
   485 : -9.7181930e-01  4.7177802e-01 
   486 : -9.6756278e-01  5.6193734e-01 
   487 : -1.0749645e+00  2.9524555e-01 
   488 : -1.0624587e+00  2.1141730e-01 
   489 : -5.1198148e-01 -9.0050907e-01 
   490 :  6.5093121e-01 -8.1212418e-01 
   491 :  9.6130826e-01  3.8149356e-01 
   492 :  9.8972080e-01  4.1611835e-01 
   493 :  1.0184513e+00  3.7348648e-01 
   494 :  9.7181930e-01  4.7177802e-01 
   495 : -9.7571510e-01 -3.4297369e-01 
   496 : -1.0313057e+00 -3.9240044e-01 
   497 : -9.8745214e-01 -4.3743513e-01 
   498 : -1.0344175e+00 -3.2440818e-01 
   499 :  9.3358674e-01 -4.5656194e-01 
   500 :  9.6343543e-01 -5.0623011e-01 
   501 : -9.8517177e-01 -3.0533687e-01 
   502 : -1.0741496e+00 -2.6819865e-01 
   503 :  8.1947284e-01  6.3096369e-01 
   504 :  8.5854302e-01  6.9319579e-01 
   505 :  8.0262037e-01  7.2299862e-01 
   506 :  8.7811022e-01  6.2922945e-01 
   507 :  9.7185505e-01  3.4592256e-01 
   508 :  1.0584344e+00  3.1899804e-01 
   509 :  1.0295469e+00  1.0312398e-01 
   510 :  1.0324411e+00 -1.0502860e-01 
   511 :  1.0726941e+00 -8.5495996e-02 
   512 :  1.0785573e+00 -1.3824904e-01 
   513 :  1.0232929e+00 -1.4002069e-01 
   514 :  1.0861790e+00 -2.1009665e-01 
   515 :  6.8181576e-01  7.8115467e-01 
   516 :  1.0356725e+00 -2.0595505e-02 
   517 :  6.8608792e-01 -7.8683131e-01 
   518 :  7.6675218e-01 -6.9407636e-01 
   519 :  8.1198386e-01 -7.0616181e-01 
   520 :  7.7513935e-01 -7.4894336e-01 
   521 : -8.8392812e-01  5.3210083e-01 
   522 : -1.0384932e+00 -2.2722632e-02 
   523 : -1.1063413e+00 -1.2815853e-04 
   524 : -1.0786902e+00  5.8605624e-02 
   525 :  8.3968688e-01  5.9771260e-01 
   526 :  9.3438596e-01  5.8834674e-01 
   527 : -5.8609478e-01 -8.5968764e-01 
   528 : -1.0208145e+00 -2.2606847e-01 
   529 : -1.0736377e+00 -1.9334047e-01 
   530 : -1.1011793e+00 -1.3276865e-01 
   531 : -9.2942930e-01  4.5738692e-01 
   532 : -9.9909279e-01  3.0833030e-01 
   533 : -1.0196298e+00 -1.8424505e-01 
   534 : -6.1454605e-01  8.3185579e-01 
   535 : -1.0141923e+00  1.8851242e-01 
   536 : -9.7726035e-01  3.4351686e-01 
   537 : -1.0414256e+00 -9.9045023e-02 
   538 : -6.8219818e-01  7.8183603e-01 
   539 : -6.9495479e-01  8.4816041e-01 
   540 : -1.0275811e+00  6.0205485e-02 
   541 : -1.0363039e+00  9.8331506e-02 
   542 : -1.0975807e+00  1.3611321e-01 
   543 : -7.9374004e-01 -6.6304423e-01 
   544 : -8.0938069e-01 -7.0304222e-01 
   545 : -8.5107172e-01 -6.7148245e-01 
   546 : -7.7860646e-01 -7.5435634e-01 
   547 : -8.1495113e-01 -6.3215774e-01 
   548 : -8.6813554e-01  5.6565337e-01 
   549 : -9.1386641e-01  6.2072615e-01 
   550 : -8.5670216e-01  6.5773879e-01 
   551 :  8.9536961e-01  5.3383198e-01 
   552 : -1.0088018e+00  2.2036276e-01 
   553 : -8.1574519e-01  6.2771552e-01 
   554 : -8.0177613e-01  6.6366983e-01 
   555 : -8.2827354e-01  7.0871441e-01 
   556 : -7.8188128e-01  7.6207699e-01 
   557 :  1.0057149e+00  2.2264370e-01 
   558 :  7.6370509e-01  6.9062641e-01 
   559 :  7.3579926e-01 -7.1912560e-01 
   560 :  1.0082317e+00  2.6586412e-01 
   561 :  9.5759772e-01 -3.7840759e-01 
   562 : -9.2795968e-01 -4.5666370e-01 
   563 : -9.7667275e-01 -5.1319957e-01 
   564 : -9.2704890e-01 -5.6025536e-01 
   565 : -9.0609301e-01 -6.3314319e-01 
   566 :  9.2407888e-01  4.5345996e-01 
   567 :  1.0464990e+00  1.7529304e-02 
   568 : -7.4003461e-01  7.2341981e-01 
   569 : -8.7419185e-01 -5.6995164e-01 
   570 : -7.3695002e-01 -7.2019301e-01 
   571 :  8.8394272e-01 -5.2744002e-01 
   572 : -5.8495306e-01  8.5998942e-01 
   573 :  5.8187249e-01  8.5702093e-01 
   574 :  8.1811420e-01 -6.2993037e-01 
   575 :  1.0180096e+00 -2.2655582e-01 
   576 :  7.3972158e-01  7.2515764e-01 
   577 :  7.5428697e-01  7.8220677e-01 
   578 :  5.8371122e-01 -8.5619118e-01 
   579 :  6.5132994e-01  8.1228374e-01 
   580 :  5.1382650e-01  9.4499997e-01 
   581 : -5.1266582e-01  9.4410184e-01 
   582 : -5.1268070e-01 -9.4524403e-01 
   583 :  2.6241934e-02  1.1332930e+00 
   584 :  2.6621222e-02 -1.1336201e+00 
   585 : -9.4090527e-01 -4.1729654e-01 
   586 : -8.8572301e-01 -5.2921417e-01 
   587 : -3.5709305e-01  1.0056037e+00 
   588 : -3.5731077e-01 -1.0054428e+00 
   589 :  3.2079661e-01 -9.8122036e-01 
   590 : -2.3805953e-01 -1.1031363e+00 
   591 : -2.3591397e-01  1.1050307e+00 
   592 : -5.8120789e-01 -9.0068408e-01 
   593 :  1.2970258e-01  1.1590545e+00 
   594 :  6.9381557e-02  1.1311562e+00 
   595 :  1.2986182e-01 -1.1591418e+00 
   596 : -7.3263707e-01 -8.1363093e-01 
   597 :  4.7151053e-01  9.6464224e-01 
   598 : -3.3475833e-02 -1.1682246e+00 
   599 : -3.3470799e-02  1.1682222e+00 
   600 :  6.9844493e-02 -1.1317311e+00 
   601 :  1.0036861e+00 -4.6425457e-01 
   602 : -5.8589499e-01  9.0395336e-01 
   603 :  3.2251789e-01  9.7645957e-01 
   604 :  4.7113497e-01 -9.6219949e-01 
   605 :  5.8668184e-01  9.0210128e-01 
   606 : -6.8318495e-02 -1.1724705e+00 
   607 : -6.8319902e-02  1.1724698e+00 
   608 :  9.5296662e-01  5.3209312e-01 
   609 :  1.5082784e-01  1.1223532e+00 
   610 :  1.5112733e-01 -1.1223548e+00 
   611 :  5.8794358e-01 -9.0404138e-01 
   612 :  3.9413169e-01 -9.9109474e-01 
   613 : -1.0336094e+00  4.3878911e-01 
   614 :  1.0901067e+00 -2.8526121e-02 
   615 : -1.0166233e-01  1.1270122e+00 
   616 : -1.0164773e-01 -1.1270160e+00 
   617 : -2.4157111e-01 -1.0392464e+00 
   618 : -2.3923436e-01  1.0389999e+00 
   619 :  1.8846004e-01  1.1189004e+00 
   620 :  1.8760991e-01 -1.1197303e+00 
   621 : -7.3996358e-01  8.0108343e-01 
   622 :  1.1106809e+00  1.7742187e-01 
   623 :  3.9205277e-01  9.9171343e-01 
   624 : -9.1443761e-01  5.6724605e-01 
   625 :  5.4639995e-01 -9.1882698e-01 
   626 :  6.3322763e-01 -8.6036473e-01 
   627 :  6.5062360e-01  8.5455915e-01 
   628 :  1.1267806e+00 -8.8518363e-02 
   629 : -8.4966373e-01 -7.4008154e-01 
   630 :  5.4649559e-01  9.1818594e-01 
   631 :  3.1300764e-01 -1.0145558e+00 
   632 :  7.5406344e-01 -8.1162903e-01 
   633 : -5.4713195e-01 -9.1610939e-01 
   634 : -1.0858756e+00 -6.4876541e-02 
   635 :  9.3787723e-01 -6.2895682e-01 
   636 :  1.0384686e+00  4.4467540e-01 
   637 :  4.8310734e-01  1.0474348e+00 
   638 :  4.8459501e-01 -1.0465872e+00 
   639 :  4.2849170e-01  9.7148769e-01 
   640 : -4.7366155e-01 -9.5800009e-01 
   641 : -2.0239596e-01 -1.0435696e+00 
   642 : -2.0252051e-01  1.0435979e+00 
   643 :  2.5737135e-01  1.0552573e+00 
   644 : -5.4548796e-01  9.1771757e-01 
   645 :  2.5747531e-01 -1.0548904e+00 
   646 : -7.1907916e-01 -8.7908446e-01 
   647 : -4.7348247e-01  9.5767660e-01 
   648 :  2.1897527e-01  1.1166606e+00 
   649 :  2.1881016e-01 -1.1167506e+00 
   650 : -6.2318583e-01  9.5037661e-01 
   651 : -1.4605529e-01  1.1676806e+00 
   652 : -1.4605563e-01 -1.1676802e+00 
   653 :  4.2896966e-01 -9.7042402e-01 
   654 :  3.1436482e-01  1.0344121e+00 
   655 : -3.9161038e-01 -9.8717388e-01 
   656 :  6.1759558e-01  8.7121039e-01 
   657 : -3.9133515e-01  9.8729417e-01 
Number of edges 241 
     0 :      0      2 
     1 :      2      3 
     2 :      3      4 
     3 :      4      5 
     4 :      5      6 
     5 :      6      7 
     6 :      7      8 
     7 :      8      9 
     8 :      9     10 
     9 :     10     11 
    10 :     11     12 
    11 :     12     13 
    12 :     13     14 
    13 :     14     15 
    14 :     15     16 
    15 :     16     17 
    16 :     17     18 
    17 :     18     19 
    18 :     19     20 
    19 :     20     21 
    20 :     21     22 
    21 :     22     23 
    22 :     23     24 
    23 :     24     25 
    24 :     25     26 
    25 :     26     27 
    26 :     27     28 
    27 :     28     29 
    28 :     29     30 
    29 :     30     31 
    30 :     31     32 
    31 :     32     33 
    32 :     33     34 
    33 :     34     35 
    34 :     35     36 
    35 :     36     37 
    36 :     37     38 
    37 :     38     39 
    38 :     39     40 
    39 :     40     41 
    40 :     41     42 
    41 :     42     43 
    42 :     43     44 
    43 :     44     45 
    44 :     45     46 
    45 :     46     47 
    46 :     47     48 
    47 :     48     49 
    48 :     49     50 
    49 :     50     51 
    50 :     51     52 
    51 :     52     53 
    52 :     53     54 
    53 :     54     55 
    54 :     55     56 
    55 :     56     57 
    56 :     57     58 
    57 :     58     59 
    58 :     59     60 
    59 :     60     61 
    60 :     61     62 
    61 :     62     63 
    62 :     63     64 
    63 :     64     65 
    64 :     65     66 
    65 :     66     67 
    66 :     67     68 
    67 :     68     69 
    68 :     69     70 
    69 :     70     71 
    70 :     71     72 
    71 :     72     73 
    72 :     73     74 
    73 :     74     75 
    74 :     75     76 
    75 :     76     77 
    76 :     77     78 
    77 :     78     79 
    78 :     79     80 
    79 :     80     81 
    80 :     81     82 
    81 :     82     83 
    82 :     83     84 
    83 :     84     85 
    84 :     85     86 
    85 :     86     87 
    86 :     87     88 
    87 :     88     89 
    88 :     89     90 
    89 :     90     91 
    90 :     91     92 
    91 :     92     93 
    92 :     93     94 
    93 :     94     95 
    94 :     95     96 
    95 :     96     97 
    96 :     97     98 
    97 :     98     99 
    98 :     99    100 
    99 :    100    101 
   100 :    101    102 
   101 :    102    103 
   102 :    103    104 
   103 :    104    105 
   104 :    105    106 
   105 :    106    107 
   106 :    107    108 
   107 :    108    109 
   108 :    109    110 
   109 :    110    111 
   110 :    111    112 
   111 :    112    113 
   112 :    113    114 
   113 :    114    115 
   114 :    115    116 
   115 :    116    117 
   116 :    117    118 
   117 :    118    119 
   118 :    119    120 
   119 :    120    121 
   120 :    121    122 
   121 :    122    123 
   122 :    123    124 
   123 :    124    125 
   124 :    125    126 
   125 :    126    127 
   126 :    127    128 
   127 :    128    129 
   128 :    129    130 
   129 :    130    131 
   130 :    131    132 
   131 :    132    133 
   132 :    133    134 
   133 :    134    135 
   134 :    135    136 
   135 :    136    137 
   136 :    137    138 
   137 :    138    139 
   138 :    139    140 
   139 :    140    141 
   140 :    141    142 
   141 :    142    143 
   142 :    143    144 
   143 :    144    145 
   144 :    145    146 
   145 :    146    147 
   146 :    147    148 
   147 :    148    149 
   148 :    149    150 
   149 :    150    151 
   150 :    151    152 
   151 :    152    153 
   152 :    153    154 
   153 :    154    155 
   154 :    155    156 
   155 :    156    157 
   156 :    157    158 
   157 :    158      0 
   158 :      1    159 
   159 :    159    160 
   160 :    160    161 
   161 :    161    162 
   162 :    162    163 
   163 :    163    164 
   164 :    164    165 
   165 :    165    166 
   166 :    166    167 
   167 :    167    168 
   168 :    168    169 
   169 :    169    170 
   170 :    170    171 
   171 :    171    172 
   172 :    172    173 
   173 :    173    174 
   174 :    174    175 
   175 :    175    176 
   176 :    176    177 
   177 :    177    178 
   178 :    178    179 
   179 :    179    180 
   180 :    180    181 
   181 :    181    182 
   182 :    182    183 
   183 :    183    184 
   184 :    184    185 
   185 :    185    186 
   186 :    186    187 
   187 :    187    188 
   188 :    188    189 
   189 :    189    190 
   190 :    190    191 
   191 :    191    192 
   192 :    192    193 
   193 :    193    194 
   194 :    194    195 
   195 :    195    196 
   196 :    196    197 
   197 :    197    198 
   198 :    198    199 
   199 :    199    200 
   200 :    200    201 
   201 :    201    202 
   202 :    202    203 
   203 :    203    204 
   204 :    204    205 
   205 :    205    206 
   206 :    206    207 
   207 :    207    208 
   208 :    208    209 
   209 :    209    210 
   210 :    210    211 
   211 :    211    212 
   212 :    212    213 
   213 :    213    214 
   214 :    214    215 
   215 :    215    216 
   216 :    216    217 
   217 :    217    218 
   218 :    218    219 
   219 :    219    220 
   220 :    220    221 
   221 :    221    222 
   222 :    222    223 
   223 :    223    224 
   224 :    224    225 
   225 :    225    226 
   226 :    226    227 
   227 :    227    228 
   228 :    228    229 
   229 :    229    230 
   230 :    230    231 
   231 :    231    232 
   232 :    232    233 
   233 :    233    234 
   234 :    234    235 
   235 :    235    236 
   236 :    236    237 
   237 :    237    238 
   238 :    238    239 
   239 :    239    240 
   240 :    240      1 
Number of triangles 1075 
     0 :    208    339    207
     1 :    193    539    192
     2 :    262    409    407
     3 :    369    371    261
     4 :    295    577    515
     5 :    294    472    470
     6 :    578    626    288
     7 :    209    338    208
     8 :    191    346    190
     9 :    466    468    238
    10 :    276    451    447
    11 :    273    445    427
    12 :    504    506    163
    13 :    165    577    164
    14 :    444    450    275
    15 :    423    446    274
    16 :    368    412    370
    17 :    191    347    346
    18 :    338    339    208
    19 :    204    563    203
    20 :    335    446    423
    21 :    195    549    194
    22 :    236    476    235
    23 :    316    537    530
    24 :    385    415    363
    25 :    407    411    262
    26 :    261    373    369
    27 :    427    445    343
    28 :    203    496    202
    29 :     34    396     35
    30 :    164    504    163
    31 :    239    466    238
    32 :    408    413    406
    33 :    200    523    199
    34 :    350    386    351
    35 :    307    532    487
    36 :    493    508    161
    37 :    125    383    126
    38 :    243    412    368
    39 :    458    600    584
    40 :    164    577    505
    41 :    401    418    417
    42 :    259    623    358
    43 :    496    498    202
    44 :    488    542    315
    45 :    188    341    283
    46 :    284    333    211
    47 :    425    427    343
    48 :    350    631    386
    49 :    203    563    497
    50 :    583    594    459
    51 :    327    328    232
    52 :    167    330    329
    53 :    355    450    444
    54 :    237    500    475
    55 :    284    334    333
    56 :    341    342    283
    57 :    520    632    235
    58 :    447    451    351
    59 :    406    413    244
    60 :    300    567    481
    61 :    237    601    500
    62 :    611    626    578
    63 :    335    423    421
    64 :    229    349    281
    65 :    282    353    170
    66 :    357    639    597
    67 :    162    608    494
    68 :    358    623    356
    69 :    343    426    425
    70 :    545    565    205
    71 :    253    396     34
    72 :    339    592    340
    73 :    262    442    409
    74 :    371    441    261
    75 :    126    383    254
    76 :    349    352    350
    77 :    352    419    350
    78 :    519    520    235
    79 :    363    584    385
    80 :    486    624    549
    81 :    253    603    358
    82 :    417    583    401
    83 :    358    654    253
    84 :    421    422    335
    85 :    284    335    334
    86 :    342    343    283
    87 :    189    341    188
    88 :    211    333    210
    89 :    438    626    332
    90 :    166    331    165
    91 :    234    332    233
    92 :    584    600    385
    93 :    327    464    328
    94 :    268    606    365
    95 :    403    607    267
    96 :    365    616    268
    97 :    267    615    403
    98 :    336    337    289
    99 :    290    345    344
   100 :    340    527    470
   101 :     35    396    249
   102 :    349    350    281
   103 :    282    354    353
   104 :    243    368    366
   105 :    404    406    244
   106 :    235    632    234
   107 :    250    383    125
   108 :    233    327    232
   109 :    167    329    166
   110 :    284    446    335
   111 :    230    349    229
   112 :    170    353    169
   113 :    427    618    410
   114 :    534    572    348
   115 :    324    634    537
   116 :    357    597    330
   117 :    430    657    345
   118 :    348    539    534
   119 :    194    556    193
   120 :    185    442    184
   121 :    215    441    214
   122 :    337    655    431
   123 :    347    581    346
   124 :    338    582    339
   125 :    419    612    260
   126 :    330    580    329
   127 :    210    289    209
   128 :    190    290    189
   129 :    366    428    243
   130 :    244    429    404
   131 :    335    422    334
   132 :    595    610    448
   133 :    447    649    276
   134 :    249    395    393
   135 :    417    594    583
   136 :    342    426    343
   137 :    343    445    283
   138 :    210    333    289
   139 :    290    341    189
   140 :    380    382    250
   141 :    449    609    593
   142 :    169    291    168
   143 :    231    292    230
   144 :    397    418    398
   145 :    372    617    423
   146 :    470    472    340
   147 :    269    610    595
   148 :    198    542    488
   149 :    275    648    444
   150 :    393    432    249
   151 :    350    351    281
   152 :    282    355    354
   153 :    250    433    380
   154 :    398    418    401
   155 :    316    530    529
   156 :    292    349    230
   157 :    169    353    291
   158 :    282    450    355
   159 :    593    609    270
   160 :    484    613    197
   161 :    356    357    291
   162 :    238    601    237
   163 :    274    590    423
   164 :    480    481    159
   165 :    425    618    427
   166 :    412    641    370
   167 :    330    637    357
   168 :    384    415    385
   169 :    298    486    485
   170 :    408    642    413
   171 :    375    384    379
   172 :    487    532    484
   173 :    515    577    437
   174 :    345    657    344
   175 :    427    591    273
   176 :    351    451    281
   177 :    192    650    191
   178 :    440    583    266
   179 :    331    437    165
   180 :    234    438    332
   181 :    363    415    360
   182 :    526    608    162
   183 :    300    481    480
   184 :    206    596    546
   185 :    184    442    262
   186 :    261    441    215
   187 :    333    336    289
   188 :    290    344    341
   189 :    336    655    337
   190 :    479    622    160
   191 :    167    637    330
   192 :    328    638    232
   193 :    431    455    337
   194 :    161    508    160
   195 :    360    415    359
   196 :    345    453    430
   197 :    546    629    206
   198 :    369    373    367
   199 :    405    411    407
   200 :    354    358    356
   201 :    168    637    167
   202 :    232    638    231
   203 :    365    598    439
   204 :    265    584    439
   205 :    440    599    403
   206 :    485    486    196
   207 :    512    514    240
   208 :    239    514    467
   209 :    249    396    395
   210 :    529    533    316
   211 :    292    352    349
   212 :    331    627    437
   213 :    205    565    204
   214 :    374    384    375
   215 :    382    383    250
   216 :    365    606    598
   217 :    599    607    403
   218 :    353    356    291
   219 :    423    617    421
   220 :    207    646    206
   221 :    188    283    187
   222 :    212    284    211
   223 :    392    416    388
   224 :    199    542    198
   225 :    498    502    202
   226 :    340    592    527
   227 :    401    583    440
   228 :    160    508    479
   229 :    273    442    185
   230 :    214    441    274
   231 :    212    446    284
   232 :    242    418    397
   233 :    384    385    379
   234 :    245    428    361
   235 :    399    429    246
   236 :    229    281    228
   237 :    171    282    170
   238 :    475    635    237
   239 :    361    428    366
   240 :    404    429    399
   241 :    374    375    248
   242 :    122    374    248
   243 :    163    526    162
   244 :    240    514    239
   245 :    202    502    201
   246 :    357    637    291
   247 :    334    336    333
   248 :    341    344    342
   249 :    376    433    248
   250 :    417    418    416
   251 :    494    636    162
   252 :    247    432    389
   253 :    204    565    564
   254 :    380    433    376
   255 :    389    432    393
   256 :     45    413    251
   257 :    556    568    322
   258 :    414    654    355
   259 :    388    416    387
   260 :    550    555    194
   261 :    289    338    209
   262 :    190    346    290
   263 :    439    584    363
   264 :    283    445    187
   265 :    423    590    372
   266 :    352    612    419
   267 :    253    654    414
   268 :    487    488    307
   269 :    253    414    396
   270 :    468    601    238
   271 :    383    386    254
   272 :    171    450    282
   273 :    410    591    427
   274 :    359    415    241
   275 :    392    417    416
   276 :    234    632    438
   277 :    281    451    228
   278 :    114    420    252
   279 :    373    616    367
   280 :    405    615    411
   281 :    245    360    359
   282 :    397    398    246
   283 :    387    416    242
   284 :    247    388    387
   285 :    506    526    163
   286 :    186    273    185
   287 :    214    274    213
   288 :    354    356    353
   289 :    358    603    259
   290 :    173    275    172
   291 :    227    276    226
   292 :    242    397     40
   293 :    120    359    241
   294 :    245    359    119
   295 :     41    397    246
   296 :    121    374    122
   297 :    118    428    245
   298 :    246    429     42
   299 :     39    387    242
   300 :    572    602    348
   301 :     43    429    244
   302 :    243    428    117
   303 :    247    387     38
   304 :    516    614    567
   305 :    419    631    350
   306 :     44    413     45
   307 :    116    412    243
   308 :    248    433    123
   309 :     37    432    247
   310 :    355    654    354
   311 :    269    620    610
   312 :    113    420    114
   313 :    438    517    490
   314 :    375    376    248
   315 :    124    433    250
   316 :    249    432     36
   317 :    420    617    252
   318 :    252    412    115
   319 :    486    549    195
   320 :    292    434    352
   321 :    609    619    270
   322 :    216    261    215
   323 :    184    262    183
   324 :    458    584    265
   325 :    416    418    242
   326 :    245    361    360
   327 :    398    399    246
   328 :    175    270    174
   329 :    225    269    224
   330 :    186    445    273
   331 :    266    583    459
   332 :    247    389    388
   333 :    268    616    373
   334 :    411    615    267
   335 :    182    267    181
   336 :    218    268    217
   337 :    375    379    377
   338 :    398    400    399
   339 :    361    362    360
   340 :    565    569    564
   341 :    508    560    479
   342 :    390    392    388
   343 :    223    264    222
   344 :    177    263    176
   345 :    251    424     46
   346 :    375    377    376
   347 :    225    457    269
   348 :    270    456    174
   349 :    187    445    186
   350 :    362    363    360
   351 :    221    265    220
   352 :    179    266    178
   353 :    398    401    400
   354 :    402    404    399
   355 :    361    366    364
   356 :     39    242     40
   357 :    120    241    121
   358 :    241    415    384
   359 :     41    246     42
   360 :    118    245    119
   361 :    119    359    120
   362 :     40    397     41
   363 :    400    402    399
   364 :    361    364    362
   365 :    298    624    486
   366 :    117    428    118
   367 :     42    429     43
   368 :    400    403    402
   369 :    364    365    362
   370 :     38    387     39
   371 :    116    243    117
   372 :     43    244     44
   373 :    241    374    121
   374 :    241    384    374
   375 :     37    247     38
   376 :    122    248    123
   377 :    226    457    225
   378 :    174    456    173
   379 :    389    390    388
   380 :    362    439    363
   381 :    401    440    400
   382 :    365    439    362
   383 :    400    440    403
   384 :    329    605    331
   385 :    366    367    364
   386 :    402    405    404
   387 :    366    368    367
   388 :    405    406    404
   389 :    115    412    116
   390 :    227    451    276
   391 :    123    433    124
   392 :    244    413     44
   393 :     36    432     37
   394 :    457    620    269
   395 :    344    587    342
   396 :    334    588    336
   397 :    524    542    199
   398 :     35    249     36
   399 :    124    250    125
   400 :    260    589    419
   401 :    407    408    406
   402 :    368    370    369
   403 :    378    380    376
   404 :    389    393    391
   405 :     45    251     46
   406 :    114    252    115
   407 :    368    369    367
   408 :    405    407    406
   409 :    413    642    251
   410 :    377    378    376
   411 :    389    391    390
   412 :    332    611    327
   413 :    228    451    227
   414 :    213    446    212
   415 :    270    619    456
   416 :    437    579    515
   417 :    378    381    380
   418 :    393    394    391
   419 :    379    448    377
   420 :     47    424    255
   421 :    173    456    275
   422 :    276    457    226
   423 :     46    424     47
   424 :    390    449    392
   425 :    370    371    369
   426 :    407    409    408
   427 :    562    585    497
   428 :    468    561    319
   429 :    325    571    475
   430 :    480    509    300
   431 :    485    531    298
   432 :    479    560    557
   433 :    532    536    484
   434 :    493    507    314
   435 :    506    525    317
   436 :    520    559    296
   437 :    569    586    564
   438 :    424    425    255
   439 :    426    436    255
   440 :    126    254    127
   441 :     33    253     34
   442 :    172    450    171
   443 :    381    382    380
   444 :    393    395    394
   445 :    409    410    408
   446 :    370    372    371
   447 :    256    420    113
   448 :    342    587    426
   449 :    514    575    467
   450 :    476    574    310
   451 :    545    547    303
   452 :    326    566    494
   453 :    498    501    308
   454 :    323    570    546
   455 :    512    513    305
   456 :    540    541    524
   457 :     30    443     31
   458 :     47    255     48
   459 :    112    256    113
   460 :    275    450    172
   461 :    274    446    213
   462 :    617    641    252
   463 :    459    594    263
   464 :    129    435    130
   465 :    255    436     48
   466 :    264    600    458
   467 :    196    613    485
   468 :    112    452    256
   469 :     48    436     49
   470 :    111    452    112
   471 :    529    530    201
   472 :    221    458    265
   473 :    266    459    178
   474 :    178    459    177
   475 :    222    458    221
   476 :    264    458    222
   477 :    177    459    263
   478 :    395    444    394
   479 :    381    447    382
   480 :    439    598    265
   481 :    266    599    440
   482 :     50    430     51
   483 :    256    421    420
   484 :    110    258    111
   485 :     49    257     50
   486 :    251    618    424
   487 :    256    452    422
   488 :    328    604    434
   489 :    252    641    412
   490 :    528    533    529
   491 :     49    436    257
   492 :    258    452    111
   493 :    159    622    480
   494 :    425    426    255
   495 :    108    455    109
   496 :    329    331    166
   497 :    233    332    327
   498 :    422    588    334
   499 :     31    259     32
   500 :    128    260    129
   501 :    159    481      1
   502 :    256    422    421
   503 :    299    614    516
   504 :    356    623    357
   505 :    426    587    436
   506 :    312    568    556
   507 :    205    629    545
   508 :    604    653    434
   509 :    317    551    526
   510 :    303    569    565
   511 :    314    560    508
   512 :    315    542    541
   513 :    308    528    502
   514 :    502    529    201
   515 :    196    486    195
   516 :    201    530    200
   517 :    197    613    196
   518 :    236    635    476
   519 :    161    636    493
   520 :     28    462     29
   521 :    254    589    127
   522 :    411    651    262
   523 :    261    652    373
   524 :     31    443    259
   525 :    505    576    558
   526 :    467    575    469
   527 :    109    431    110
   528 :    267    651    411
   529 :    373    652    268
   530 :    175    593    270
   531 :    269    595    224
   532 :    160    622    159
   533 :     29    271     30
   534 :    130    272    131
   535 :    263    593    176
   536 :    260    435    129
   537 :    257    430     50
   538 :    386    645    351
   539 :     33    603    253
   540 :    223    595    264
   541 :    364    616    365
   542 :    403    615    402
   543 :    206    629    205
   544 :    110    431    258
   545 :    332    626    611
   546 :    312    555    554
   547 :    265    598    220
   548 :    179    599    266
   549 :    449    594    392
   550 :    263    594    449
   551 :    198    487    197
   552 :    522    634    324
   553 :    355    643    414
   554 :     51    453     52
   555 :    390    609    449
   556 :    449    593    263
   557 :    267    607    181
   558 :    218    606    268
   559 :    448    610    377
   560 :    264    595    448
   561 :    305    575    514
   562 :    251    642    618
   563 :    290    346    345
   564 :    337    338    289
   565 :    379    600    448
   566 :    448    600    264
   567 :    106    489    107
   568 :     53    454     54
   569 :    553    554    550
   570 :    372    590    371
   571 :    197    487    484
   572 :    130    435    272
   573 :    409    591    410
   574 :    128    589    260
   575 :    216    652    261
   576 :    262    651    183
   577 :    271    443     30
   578 :    107    278    108
   579 :     52    277     53
   580 :    452    588    422
   581 :    499    601    319
   582 :    133    460    134
   583 :    103    470    104
   584 :     22    515     23
   585 :     90    585     91
   586 :    136    490    137
   587 :    101    471    102
   588 :     93    586     94
   589 :     19    558     20
   590 :    153    575    154
   591 :     84    533     85
   592 :    139    559    140
   593 :     68    531     69
   594 :      6    557      7
   595 :    152    469    153
   596 :     16    525     17
   597 :     65    548     66
   598 :      3    509      4
   599 :      9    507     10
   600 :     60    568     61
   601 :    145    571    146
   602 :     58    538     59
   603 :     71    536     72
   604 :    149    561    150
   605 :    158    516      0
   606 :     55    572     56
   607 :    134    578    135
   608 :     23    579     24
   609 :     20    576     21
   610 :    430    453     51
   611 :    237    635    236
   612 :    354    654    358
   613 :    198    488    487
   614 :    517    632    296
   615 :    131    463    132
   616 :    162    636    161
   617 :    556    621    193
   618 :    268    652    217
   619 :    182    651    267
   620 :      1    628    240
   621 :    109    455    431
   622 :    259    603     32
   623 :    127    589    128
   624 :    292    638    434
   625 :    396    643    395
   626 :    132    279    133
   627 :     27    280     28
   628 :    434    612    352
   629 :    371    590    441
   630 :    382    645    383
   631 :    323    596    471
   632 :    436    587    257
   633 :    258    588    452
   634 :    442    591    409
   635 :    505    577    576
   636 :    346    647    345
   637 :    434    638    328
   638 :    497    563    562
   639 :    310    519    476
   640 :    475    500    325
   641 :    151    313    152
   642 :    142    574    143
   643 :     76    315     77
   644 :    105    286    106
   645 :     85    528     86
   646 :    140    518    141
   647 :     80    522     81
   648 :    144    318    145
   649 :    146    325    147
   650 :    147    499    148
   651 :     59    322     60
   652 :     54    285     55
   653 :     88    495     89
   654 :    135    288    136
   655 :     24    287     25
   656 :     67    298     68
   657 :     17    503     18
   658 :     77    541     78
   659 :    150    465    151
   660 :     61    312     62
   661 :     82    537     83
   662 :    143    473    144
   663 :     56    534     57
   664 :     66    521     67
   665 :     69    482     70
   666 :     72    532     73
   667 :     83    316     84
   668 :    138    296    139
   669 :     62    554     63
   670 :     81    324     82
   671 :     10    491     11
   672 :     13    326     14
   673 :     15    317     16
   674 :     97    543     98
   675 :    137    517    138
   676 :     26    461     27
   677 :      7    560      8
   678 :     12    566     13
   679 :     86    308     87
   680 :    157    299    158
   681 :    141    310    142
   682 :     78    540     79
   683 :     99    570    100
   684 :     70    301     71
   685 :     57    293     58
   686 :     75    535     76
   687 :     96    547     97
   688 :    100    323    101
   689 :      2    300      3
   690 :      4    477      5
   691 :      0    567      2
   692 :    148    319    149
   693 :      8    314      9
   694 :    156    510    157
   695 :     91    562     92
   696 :     94    569     95
   697 :    102    294    103
   698 :     89    302     90
   699 :     79    321     80
   700 :     95    303     96
   701 :     98    311     99
   702 :      5    306      6
   703 :     11    320     12
   704 :     14    551     15
   705 :     63    553     64
   706 :     73    307     74
   707 :     25    573     26
   708 :     21    295     22
   709 :    154    305    155
   710 :     18    309     19
   711 :    155    513    156
   712 :     64    304     65
   713 :     74    552     75
   714 :     92    297     93
   715 :     87    501     88
   716 :    104    527    105
   717 :    441    590    274
   718 :    273    591    442
   719 :     29    462    271
   720 :    392    594    417
   721 :    278    455    108
   722 :    414    643    396
   723 :    176    593    175
   724 :    444    648    394
   725 :    381    649    447
   726 :    383    645    386
   727 :    385    600    379
   728 :    351    645    447
   729 :    464    604    328
   730 :    444    643    355
   731 :    224    595    223
   732 :    614    628      1
   733 :    272    463    131
   734 :    191    650    347
   735 :    220    598    219
   736 :    180    599    179
   737 :    337    640    338
   738 :    567    614    481
   739 :     52    453    277
   740 :     32    603     33
   741 :    240    628    512
   742 :    254    631    589
   743 :    330    597    580
   744 :    535    552    488
   745 :    528    529    502
   746 :    537    634    530
   747 :    219    606    218
   748 :    181    607    180
   749 :    581    647    346
   750 :    206    646    596
   751 :    280    462     28
   752 :    107    489    278
   753 :    277    454     53
   754 :    312    556    555
   755 :    538    621    322
   756 :    391    609    390
   757 :    598    606    219
   758 :    180    607    599
   759 :    377    610    378
   760 :    132    463    279
   761 :    391    619    609
   762 :    402    615    405
   763 :    367    616    364
   764 :    588    655    336
   765 :    338    640    582
   766 :    610    620    378
   767 :    462    597    271
   768 :    460    578    134
   769 :    469    575    153
   770 :    515    579     23
   771 :    558    576     20
   772 :    344    657    587
   773 :    279    460    133
   774 :    295    515     22
   775 :    470    527    104
   776 :    302    585     90
   777 :     91    585    562
   778 :     85    533    528
   779 :     59    538    322
   780 :    309    558     19
   781 :    102    471    294
   782 :    490    517    137
   783 :    294    470    103
   784 :     56    572    534
   785 :     72    536    532
   786 :     54    454    285
   787 :    297    586     93
   788 :    288    490    136
   789 :    154    575    305
   790 :     69    531    482
   791 :     94    586    569
   792 :    323    471    101
   793 :    316    533     84
   794 :    516    567      0
   795 :    146    571    325
   796 :    306    557      6
   797 :    286    489    106
   798 :    313    469    152
   799 :    135    578    288
   800 :    314    507      9
   801 :    317    525     16
   802 :      4    509    477
   803 :    140    559    518
   804 :     24    579    287
   805 :    298    531     68
   806 :    304    548     65
   807 :     21    576    295
   808 :     66    548    521
   809 :    296    559    139
   810 :    300    509      3
   811 :     17    525    503
   812 :     61    568    312
   813 :     10    507    491
   814 :    150    561    465
   815 :    322    568     60
   816 :    299    516    158
   817 :    319    561    149
   818 :    557    560      7
   819 :    318    571    145
   820 :    293    538     58
   821 :    301    536     71
   822 :    285    572     55
   823 :    424    618    425
   824 :    314    508    493
   825 :    303    565    545
   826 :    317    526    506
   827 :    541    542    524
   828 :    305    514    512
   829 :    308    502    498
   830 :    596    646    472
   831 :    394    619    391
   832 :    378    620    381
   833 :    421    617    420
   834 :    151    465    313
   835 :    144    473    318
   836 :    310    574    142
   837 :    312    554     62
   838 :     27    461    280
   839 :    303    547     96
   840 :    315    541     77
   841 :    141    518    310
   842 :    311    570     99
   843 :    287    573     25
   844 :    156    513    510
   845 :    325    499    147
   846 :    305    513    155
   847 :    321    522     80
   848 :     15    551    317
   849 :      5    477    306
   850 :     83    537    316
   851 :     11    491    320
   852 :    320    566     12
   853 :    308    501     87
   854 :     67    521    298
   855 :    307    552     74
   856 :     76    535    315
   857 :     89    495    302
   858 :    138    517    296
   859 :    148    499    319
   860 :      8    560    314
   861 :     18    503    309
   862 :     70    482    301
   863 :     88    501    495
   864 :    157    510    299
   865 :     64    553    304
   866 :     78    541    540
   867 :     79    540    321
   868 :     81    522    324
   869 :     98    543    311
   870 :    324    537     82
   871 :    326    551     14
   872 :     73    532    307
   873 :     57    534    293
   874 :     75    552    535
   875 :     95    569    303
   876 :     97    547    543
   877 :     63    554    553
   878 :    100    570    323
   879 :     13    566    326
   880 :    105    527    286
   881 :     26    573    461
   882 :     86    528    308
   883 :      2    567    300
   884 :     92    562    297
   885 :    143    574    473
   886 :    511    614    299
   887 :    372    641    617
   888 :    258    655    588
   889 :    304    553    550
   890 :    291    637    168
   891 :    231    638    292
   892 :    494    608    326
   893 :    463    464    279
   894 :    386    631    254
   895 :    554    555    550
   896 :    347    644    581
   897 :    260    612    435
   898 :    217    652    216
   899 :    183    651    182
   900 :    277    581    454
   901 :    489    582    278
   902 :    546    570    311
   903 :    495    501    498
   904 :    494    566    320
   905 :    510    513    512
   906 :    543    547    545
   907 :    321    540    524
   908 :    473    574    476
   909 :    272    604    463
   910 :    276    649    457
   911 :    582    633    339
   912 :    370    641    372
   913 :    410    642    408
   914 :    456    648    275
   915 :    437    627    579
   916 :    347    650    602
   917 :    587    657    257
   918 :    322    621    556
   919 :    467    469    313
   920 :    465    561    468
   921 :    477    509    480
   922 :    479    557    306
   923 :    503    525    506
   924 :    482    531    485
   925 :    484    536    301
   926 :    518    559    520
   927 :    491    507    493
   928 :    475    571    318
   929 :    505    558    309
   930 :    497    585    302
   931 :    564    586    297
   932 :    551    608    526
   933 :    443    623    259
   934 :    438    632    517
   935 :    280    580    462
   936 :    618    642    410
   937 :    546    596    323
   938 :    327    625    464
   939 :    589    631    419
   940 :    490    626    438
   941 :    443    639    623
   942 :    395    643    444
   943 :    319    601    468
   944 :    447    645    382
   945 :    329    630    605
   946 :    296    632    520
   947 :    612    653    435
   948 :    523    634    522
   949 :    472    646    340
   950 :    580    597    462
   951 :    481    614      1
   952 :    500    601    499
   953 :    611    625    327
   954 :    483    613    484
   955 :    434    653    612
   956 :    345    647    453
   957 :    597    639    271
   958 :    463    604    464
   959 :    580    630    329
   960 :    431    655    258
   961 :    471    596    472
   962 :    304    550    549
   963 :    288    626    490
   964 :    271    639    443
   965 :    510    512    511
   966 :    563    564    297
   967 :    495    498    496
   968 :    543    545    544
   969 :    544    546    311
   970 :    466    467    313
   971 :    503    506    504
   972 :    482    485    483
   973 :    474    475    318
   974 :    492    494    320
   975 :    504    505    309
   976 :    478    479    306
   977 :    518    520    519
   978 :    473    476    474
   979 :    483    484    301
   980 :    496    497    302
   981 :    321    524    523
   982 :    491    493    492
   983 :    465    468    466
   984 :    477    480    478
   985 :    272    653    604
   986 :    435    653    272
   987 :    257    657    430
   988 :    326    608    551
   989 :    623    639    357
   990 :    454    644    285
   991 :    285    602    572
   992 :    455    640    337
   993 :    527    592    286
   994 :    277    647    581
   995 :    530    634    200
   996 :    602    650    348
   997 :    539    621    538
   998 :    582    640    278
   999 :    457    649    620
  1000 :    489    633    582
  1001 :    573    605    461
  1002 :    619    648    456
  1003 :    460    611    578
  1004 :    278    640    455
  1005 :    453    647    277
  1006 :    478    622    479
  1007 :    465    466    313
  1008 :    473    474    318
  1009 :    518    519    310
  1010 :    491    492    320
  1011 :    477    478    306
  1012 :    321    523    522
  1013 :    325    500    499
  1014 :    503    504    309
  1015 :    495    496    302
  1016 :    482    483    301
  1017 :    510    511    299
  1018 :    543    544    311
  1019 :    562    563    297
  1020 :    581    644    454
  1021 :    348    650    192
  1022 :    286    633    489
  1023 :    579    627    287
  1024 :    576    577    295
  1025 :    471    472    294
  1026 :    304    549    548
  1027 :    293    539    538
  1028 :    464    625    279
  1029 :    279    625    460
  1030 :    461    630    280
  1031 :    548    624    521
  1032 :    285    644    602
  1033 :    493    636    492
  1034 :    394    648    619
  1035 :    620    649    381
  1036 :    544    629    546
  1037 :    280    630    580
  1038 :    340    646    207
  1039 :    511    628    614
  1040 :    476    635    474
  1041 :    592    633    286
  1042 :    460    625    611
  1043 :    339    633    592
  1044 :    287    656    573
  1045 :    605    630    461
  1046 :    474    635    475
  1047 :    492    636    494
  1048 :    602    644    347
  1049 :    331    656    627
  1050 :    512    628    511
  1051 :    573    656    605
  1052 :    605    656    331
  1053 :    545    629    544
  1054 :    549    624    548
  1055 :    627    656    287
  1056 :    480    622    478
  1057 :    485    613    483
  1058 :    164    505    504
  1059 :    437    577    165
  1060 :    192    539    348
  1061 :    193    621    539
  1062 :    549    550    194
  1063 :    555    556    194
  1064 :    523    524    199
  1065 :    200    634    523
  1066 :    203    497    496
  1067 :    204    564    563
  1068 :    339    340    207
  1069 :    476    519    235
  1070 :    239    467    466
  1071 :    534    539    293
  1072 :    521    624    298
  1073 :    488    552    307
  1074 :    315    535    488
Number of domains 2
  Domain :      0 
  Name : Inner Disk
  Number of elements :    158
     0     1     2     3     4     5     6     7     8     9
    10    11    12    13    14    15    16    17    18    19
    20    21    22    23    24    25    26    27    28    29
    30    31    32    33    34    35    36    37    38    39
    40    41    42    43    44    45    46    47    48    49
    50    51    52    53    54    55    56    57    58    59
    60    61    62    63    64    65    66    67    68    69
    70    71    72    73    74    75    76    77    78    79
    80    81    82    83    84    85    86    87    88    89
    90    91    92    93    94    95    96    97    98    99
   100   101   102   103   104   105   106   107   108   109
   110   111   112   113   114   115   116   117   118   119
   120   121   122   123   124   125   126   127   128   129
   130   131   132   133   134   135   136   137   138   139
   140   141   142   143   144   145   146   147   148   149
   150   151   152   153   154   155   156   157
  Domain :      1 
  Name : Outer Disk
  Number of elements :     83
   158   159   160   161   162   163   164   165   166   167
   168   169   170   171   172   173   174   175   176   177
   178   179   180   181   182   183   184   185   186   187
   188   189   190   191   192   193   194   195   196   197
   198   199   200   201   202   203   204   205   206   207
   208   209   210   211   212   213   214   215   216   217
   218   219   220   221   222   223   224   225   226   227
   228   229   230   231   232   233   234   235   236   237
   238   239   240
