Number of nodes 621 
     0 :  0.0000000e+00  1.0000000e+00 
     1 :  0.0000000e+00  0.0000000e+00 
     2 :  1.0000000e+00  1.0000000e+00 
     3 :  1.0000000e+00  7.5000000e-01 
     4 :  5.0000000e-01  7.5000000e-01 
     5 :  5.0000000e-01  2.5000000e-01 
     6 :  1.0000000e+00  2.5000000e-01 
     7 :  1.0000000e+00  0.0000000e+00 
     8 :  0.0000000e+00  9.6428571e-01 
     9 :  0.0000000e+00  3.5714286e-02 
    10 :  0.0000000e+00  1.0714286e-01 
    11 :  0.0000000e+00  1.7857143e-01 
    12 :  0.0000000e+00  2.5000000e-01 
    13 :  0.0000000e+00  3.2142857e-01 
    14 :  0.0000000e+00  3.9285714e-01 
    15 :  0.0000000e+00  4.6428571e-01 
    16 :  0.0000000e+00  5.3571429e-01 
    17 :  0.0000000e+00  6.0714286e-01 
    18 :  0.0000000e+00  6.7857143e-01 
    19 :  0.0000000e+00  7.5000000e-01 
    20 :  0.0000000e+00  8.2142857e-01 
    21 :  0.0000000e+00  8.9285714e-01 
    22 :  0.0000000e+00  9.2857143e-01 
    23 :  0.0000000e+00  8.5714286e-01 
    24 :  0.0000000e+00  7.8571429e-01 
    25 :  0.0000000e+00  7.1428571e-01 
    26 :  0.0000000e+00  6.4285714e-01 
    27 :  0.0000000e+00  5.7142857e-01 
    28 :  0.0000000e+00  5.0000000e-01 
    29 :  0.0000000e+00  4.2857143e-01 
    30 :  0.0000000e+00  3.5714286e-01 
    31 :  0.0000000e+00  2.8571429e-01 
    32 :  0.0000000e+00  2.1428571e-01 
    33 :  0.0000000e+00  1.4285714e-01 
    34 :  0.0000000e+00  7.1428571e-02 
    35 :  9.6428571e-01  1.0000000e+00 
    36 :  3.5714286e-02  1.0000000e+00 
    37 :  1.0714286e-01  1.0000000e+00 
    38 :  1.7857143e-01  1.0000000e+00 
    39 :  2.5000000e-01  1.0000000e+00 
    40 :  3.2142857e-01  1.0000000e+00 
    41 :  3.9285714e-01  1.0000000e+00 
    42 :  4.6428571e-01  1.0000000e+00 
    43 :  5.3571429e-01  1.0000000e+00 
    44 :  6.0714286e-01  1.0000000e+00 
    45 :  6.7857143e-01  1.0000000e+00 
    46 :  7.5000000e-01  1.0000000e+00 
    47 :  8.2142857e-01  1.0000000e+00 
    48 :  8.9285714e-01  1.0000000e+00 
    49 :  9.2857143e-01  1.0000000e+00 
    50 :  8.5714286e-01  1.0000000e+00 
    51 :  7.8571429e-01  1.0000000e+00 
    52 :  7.1428571e-01  1.0000000e+00 
    53 :  6.4285714e-01  1.0000000e+00 
    54 :  5.7142857e-01  1.0000000e+00 
    55 :  5.0000000e-01  1.0000000e+00 
    56 :  4.2857143e-01  1.0000000e+00 
    57 :  3.5714286e-01  1.0000000e+00 
    58 :  2.8571429e-01  1.0000000e+00 
    59 :  2.1428571e-01  1.0000000e+00 
    60 :  1.4285714e-01  1.0000000e+00 
    61 :  7.1428571e-02  1.0000000e+00 
    62 :  1.0000000e+00  7.8125000e-01 
    63 :  1.0000000e+00  8.4375000e-01 
    64 :  1.0000000e+00  9.0625000e-01 
    65 :  1.0000000e+00  9.6875000e-01 
    66 :  1.0000000e+00  8.1250000e-01 
    67 :  1.0000000e+00  8.7500000e-01 
    68 :  1.0000000e+00  9.3750000e-01 
    69 :  9.6428571e-01  7.5000000e-01 
    70 :  8.9285714e-01  7.5000000e-01 
    71 :  8.2142857e-01  7.5000000e-01 
    72 :  7.5000000e-01  7.5000000e-01 
    73 :  6.7857143e-01  7.5000000e-01 
    74 :  6.0714286e-01  7.5000000e-01 
    75 :  5.3571429e-01  7.5000000e-01 
    76 :  9.2857143e-01  7.5000000e-01 
    77 :  8.5714286e-01  7.5000000e-01 
    78 :  7.8571429e-01  7.5000000e-01 
    79 :  7.1428571e-01  7.5000000e-01 
    80 :  6.4285714e-01  7.5000000e-01 
    81 :  5.7142857e-01  7.5000000e-01 
    82 :  4.6442129e-01  7.4745536e-01 
    83 :  4.6442129e-01  2.5254464e-01 
    84 :  3.9614625e-01  2.7259200e-01 
    85 :  3.3628482e-01  3.1106261e-01 
    86 :  2.8968662e-01  3.6483980e-01 
    87 :  2.6012676e-01  4.2956686e-01 
    88 :  2.5000000e-01  5.0000000e-01 
    89 :  2.6012676e-01  5.7043314e-01 
    90 :  2.8968662e-01  6.3516020e-01 
    91 :  3.3628482e-01  6.8893739e-01 
    92 :  3.9614625e-01  7.2740800e-01 
    93 :  4.2956686e-01  7.3987324e-01 
    94 :  3.6483980e-01  7.1031338e-01 
    95 :  3.1106261e-01  6.6371518e-01 
    96 :  2.7259200e-01  6.0385375e-01 
    97 :  2.5254464e-01  5.3557871e-01 
    98 :  2.5254464e-01  4.6442129e-01 
    99 :  2.7259200e-01  3.9614625e-01 
   100 :  3.1106261e-01  3.3628482e-01 
   101 :  3.6483980e-01  2.8968662e-01 
   102 :  4.2956686e-01  2.6012676e-01 
   103 :  5.3571429e-01  2.5000000e-01 
   104 :  6.0714286e-01  2.5000000e-01 
   105 :  6.7857143e-01  2.5000000e-01 
   106 :  7.5000000e-01  2.5000000e-01 
   107 :  8.2142857e-01  2.5000000e-01 
   108 :  8.9285714e-01  2.5000000e-01 
   109 :  9.6428571e-01  2.5000000e-01 
   110 :  5.7142857e-01  2.5000000e-01 
   111 :  6.4285714e-01  2.5000000e-01 
   112 :  7.1428571e-01  2.5000000e-01 
   113 :  7.8571429e-01  2.5000000e-01 
   114 :  8.5714286e-01  2.5000000e-01 
   115 :  9.2857143e-01  2.5000000e-01 
   116 :  1.0000000e+00  3.1250000e-02 
   117 :  1.0000000e+00  9.3750000e-02 
   118 :  1.0000000e+00  1.5625000e-01 
   119 :  1.0000000e+00  2.1875000e-01 
   120 :  1.0000000e+00  6.2500000e-02 
   121 :  1.0000000e+00  1.2500000e-01 
   122 :  1.0000000e+00  1.8750000e-01 
   123 :  3.5714286e-02  0.0000000e+00 
   124 :  9.6428571e-01  0.0000000e+00 
   125 :  8.9285714e-01  0.0000000e+00 
   126 :  8.2142857e-01  0.0000000e+00 
   127 :  7.5000000e-01  0.0000000e+00 
   128 :  6.7857143e-01  0.0000000e+00 
   129 :  6.0714286e-01  0.0000000e+00 
   130 :  5.3571429e-01  0.0000000e+00 
   131 :  4.6428571e-01  0.0000000e+00 
   132 :  3.9285714e-01  0.0000000e+00 
   133 :  3.2142857e-01  0.0000000e+00 
   134 :  2.5000000e-01  0.0000000e+00 
   135 :  1.7857143e-01  0.0000000e+00 
   136 :  1.0714286e-01  0.0000000e+00 
   137 :  7.1428571e-02  0.0000000e+00 
   138 :  1.4285714e-01  0.0000000e+00 
   139 :  2.1428571e-01  0.0000000e+00 
   140 :  2.8571429e-01  0.0000000e+00 
   141 :  3.5714286e-01  0.0000000e+00 
   142 :  4.2857143e-01  0.0000000e+00 
   143 :  5.0000000e-01  0.0000000e+00 
   144 :  5.7142857e-01  0.0000000e+00 
   145 :  6.4285714e-01  0.0000000e+00 
   146 :  7.1428571e-01  0.0000000e+00 
   147 :  7.8571429e-01  0.0000000e+00 
   148 :  8.5714286e-01  0.0000000e+00 
   149 :  9.2857143e-01  0.0000000e+00 
   150 :  4.6412095e-01  1.9474653e-01 
   151 :  7.4999562e-01  3.1327188e-02 
   152 :  2.3756120e-01  7.9545984e-01 
   153 :  1.6571501e-01  4.2631985e-01 
   154 :  3.0328748e-02  4.2116806e-01 
   155 :  6.8114722e-02  5.6204803e-01 
   156 :  5.0282381e-01  9.4115827e-01 
   157 :  7.8581479e-01  8.1270927e-01 
   158 :  5.0469630e-01  8.8268229e-01 
   159 :  5.7289581e-01  8.1635566e-01 
   160 :  1.0398268e-01  1.1179918e-01 
   161 :  1.0622797e-01  3.7142789e-02 
   162 :  7.1427903e-01  3.1369435e-02 
   163 :  6.0709347e-01  1.5741171e-01 
   164 :  6.5391604e-02  4.8725441e-01 
   165 :  9.6460810e-02  4.4083948e-01 
   166 :  8.6641713e-02  2.9876239e-01 
   167 :  9.2857082e-01  1.8751320e-01 
   168 :  1.3064846e-01  2.2997999e-01 
   169 :  6.7854772e-01  1.2549925e-01 
   170 :  3.9997172e-01  7.7975181e-01 
   171 :  2.9949803e-01  7.3895793e-01 
   172 :  3.9917004e-01  9.4126223e-01 
   173 :  2.9341317e-01  9.3682465e-01 
   174 :  2.0776952e-01  3.8239890e-01 
   175 :  1.9530385e-01  4.6630266e-01 
   176 :  6.4284140e-01  3.1531419e-02 
   177 :  4.9981702e-01  1.6090247e-01 
   178 :  8.2152005e-01  8.7518362e-01 
   179 :  6.7906695e-01  8.4480472e-01 
   180 :  8.9289046e-01  8.4381585e-01 
   181 :  9.6428950e-01  7.8125714e-01 
   182 :  9.2859245e-01  8.7504072e-01 
   183 :  8.5719649e-01  8.4385744e-01 
   184 :  7.8584589e-01  9.0651291e-01 
   185 :  7.1462932e-01  8.7570057e-01 
   186 :  7.8576860e-01  7.8136427e-01 
   187 :  1.7147478e-01  5.8623814e-01 
   188 :  7.1690929e-02  6.3647347e-01 
   189 :  7.5066285e-02  7.1118712e-01 
   190 :  6.0764313e-01  7.8261375e-01 
   191 :  1.7619501e-01  7.5592175e-02 
   192 :  6.0710727e-01  1.8842407e-01 
   193 :  6.7855612e-01  1.8786489e-01 
   194 :  9.6428547e-01  1.8750600e-01 
   195 :  5.3557720e-01  1.2789374e-01 
   196 :  4.3372551e-01  9.4177311e-01 
   197 :  4.3864064e-01  8.8527168e-01 
   198 :  1.7113051e-01  3.7837869e-01 
   199 :  5.0392190e-01  8.2395770e-01 
   200 :  9.2857060e-01  9.3767233e-02 
   201 :  5.3563447e-01  1.8996651e-01 
   202 :  4.9983926e-01  6.5131467e-02 
   203 :  4.4254639e-01  7.9388266e-01 
   204 :  3.5604094e-01  1.0680171e-01 
   205 :  3.9231485e-01  6.9285991e-02 
   206 :  9.7050227e-02  2.2540656e-01 
   207 :  1.1494101e-01  7.8575455e-01 
   208 :  2.6593250e-01  8.6995722e-01 
   209 :  6.7910427e-01  8.7608687e-01 
   210 :  7.1452742e-01  9.3797000e-01 
   211 :  8.9288248e-01  8.1255059e-01 
   212 :  8.2142534e-01  6.2558831e-02 
   213 :  3.5587661e-01  1.4282052e-01 
   214 :  3.7951964e-02  7.8543954e-01 
   215 :  3.2503931e-01  7.8424761e-01 
   216 :  2.4366469e-01  1.9452625e-01 
   217 :  7.4999333e-01  1.8764724e-01 
   218 :  5.7135245e-01  1.5808819e-01 
   219 :  8.2142424e-01  1.2508377e-01 
   220 :  8.2142469e-01  1.5632763e-01 
   221 :  2.8099931e-01  2.3673406e-01 
   222 :  3.7256026e-01  8.8210023e-01 
   223 :  4.4265506e-01  8.3335190e-01 
   224 :  8.0822378e-02  3.6929020e-01 
   225 :  4.0959770e-01  8.5740714e-01 
   226 :  2.7139959e-01  8.3729151e-01 
   227 :  1.8391361e-01  9.3174877e-01 
   228 :  3.3167201e-02  1.8137410e-01 
   229 :  3.3668320e-01  7.5668052e-01 
   230 :  8.2142676e-01  3.1281738e-02 
   231 :  7.8571145e-01  3.1299640e-02 
   232 :  6.4283380e-01  1.8807825e-01 
   233 :  1.8676395e-01  8.9736783e-01 
   234 :  4.1845470e-01  8.0846564e-01 
   235 :  9.2481858e-02  4.0001630e-01 
   236 :  7.5015640e-01  9.3780733e-01 
   237 :  9.2859088e-01  8.4378775e-01 
   238 :  8.9289046e-01  9.0631532e-01 
   239 :  5.7136095e-01  6.3711518e-02 
   240 :  2.4906240e-01  3.7453447e-02 
   241 :  4.6400216e-01  1.6362385e-01 
   242 :  8.5714173e-01  3.1270076e-02 
   243 :  2.7815077e-01  8.0440278e-01 
   244 :  3.7750277e-01  8.5429561e-01 
   245 :  1.9557862e-01  7.8989408e-01 
   246 :  7.1441782e-01  7.8154180e-01 
   247 :  5.7340125e-01  8.7885440e-01 
   248 :  8.5716472e-01  7.8129487e-01 
   249 :  9.6429483e-01  9.0626701e-01 
   250 :  4.9978552e-01  1.2942455e-01 
   251 :  4.2837454e-01  3.3849461e-02 
   252 :  1.7744333e-01  3.7688697e-02 
   253 :  7.6165205e-02  7.8536310e-01 
   254 :  3.0269784e-01  8.7444367e-01 
   255 :  4.4086199e-01  8.5844613e-01 
   256 :  1.4827311e-01  6.6859605e-01 
   257 :  2.1242109e-01  6.1950954e-01 
   258 :  1.3098570e-01  4.7392486e-01 
   259 :  2.7903550e-02  3.8682299e-01 
   260 :  1.3007291e-01  3.7541497e-01 
   261 :  3.7550802e-02  8.5746462e-01 
   262 :  1.3831610e-01  5.9078062e-01 
   263 :  2.8946596e-01  9.6832709e-01 
   264 :  1.2491630e-01  2.6970201e-01 
   265 :  2.6822515e-02  3.2238011e-01 
   266 :  3.3823307e-01  8.7865251e-01 
   267 :  6.4282505e-01  1.5698721e-01 
   268 :  6.4282192e-01  9.4451071e-02 
   269 :  1.3721170e-01  1.5148723e-01 
   270 :  6.4282067e-01  1.2577734e-01 
   271 :  1.1171753e-01  8.9449871e-01 
   272 :  1.4492776e-01  9.6535702e-01 
   273 :  1.5489114e-01  7.4853315e-01 
   274 :  3.4992188e-02  7.2449795e-02 
   275 :  3.9386794e-01  2.4055999e-01 
   276 :  1.9943581e-01  4.2548971e-01 
   277 :  2.2505142e-01  4.6491347e-01 
   278 :  1.0237054e-01  1.4947586e-01 
   279 :  8.9285554e-01  1.2503253e-01 
   280 :  2.0324413e-01  5.8129326e-01 
   281 :  1.6676213e-01  5.4787359e-01 
   282 :  1.7820731e-01  6.2505505e-01 
   283 :  8.9285647e-01  3.1262381e-02 
   284 :  1.0015963e-01  1.8740188e-01 
   285 :  4.6395203e-01  1.3164754e-01 
   286 :  3.8254624e-01  7.4746766e-01 
   287 :  1.9581253e-01  7.0814002e-01 
   288 :  8.2151328e-01  9.0641821e-01 
   289 :  7.8584568e-01  8.4401998e-01 
   290 :  9.6428543e-01  6.2506035e-02 
   291 :  3.1978853e-01  1.0963506e-01 
   292 :  7.0767385e-02  3.6703001e-02 
   293 :  3.4392872e-01  8.4958370e-01 
   294 :  1.9276918e-01  8.2689147e-01 
   295 :  3.7413181e-02  7.1272140e-01 
   296 :  1.5131478e-01  8.6026379e-01 
   297 :  9.6429550e-01  8.7501853e-01 
   298 :  6.0829743e-01  9.0840816e-01 
   299 :  6.7877251e-01  9.6912705e-01 
   300 :  6.0807390e-01  8.1477671e-01 
   301 :  9.2858627e-01  9.3752845e-01 
   302 :  9.2857951e-01  7.8126568e-01 
   303 :  3.2085780e-01  3.6291533e-02 
   304 :  3.9212828e-01  1.0391667e-01 
   305 :  7.1427562e-01  1.8773144e-01 
   306 :  3.9269079e-01  2.0705160e-01 
   307 :  4.9996242e-01  2.2146869e-01 
   308 :  5.7140152e-01  2.1960268e-01 
   309 :  2.4806060e-01  7.5197985e-02 
   310 :  5.3567719e-01  2.2021870e-01 
   311 :  7.1460212e-01  9.0687834e-01 
   312 :  6.0801194e-01  9.3904145e-01 
   313 :  6.4317806e-01  7.8204020e-01 
   314 :  6.4284508e-01  2.1906865e-01 
   315 :  3.5673221e-01  2.1622990e-01 
   316 :  6.0712457e-01  2.1926528e-01 
   317 :  2.8073497e-01  2.9690730e-01 
   318 :  3.5906934e-01  2.5387083e-01 
   319 :  3.2323512e-01  2.7145677e-01 
   320 :  7.5022129e-01  8.7545004e-01 
   321 :  7.5020432e-01  9.0665769e-01 
   322 :  9.6429277e-01  9.3751296e-01 
   323 :  2.1063235e-01  1.1418169e-01 
   324 :  3.5600087e-01  1.7924222e-01 
   325 :  5.7139078e-01  3.1889891e-02 
   326 :  7.1428046e-01  2.1887615e-01 
   327 :  8.5714029e-01  9.3798710e-02 
   328 :  6.7856348e-01  2.1894970e-01 
   329 :  3.5889427e-02  6.3973059e-01 
   330 :  7.3550489e-02  6.7380379e-01 
   331 :  3.6733321e-02  6.7622455e-01 
   332 :  4.1294790e-01  7.5932228e-01 
   333 :  3.8337342e-01  8.2773852e-01 
   334 :  1.1427822e-01  8.2262691e-01 
   335 :  7.5008474e-01  7.8143191e-01 
   336 :  6.7906023e-01  9.0721089e-01 
   337 :  6.7895205e-01  8.1334616e-01 
   338 :  7.1427018e-01  1.2532037e-01 
   339 :  7.8570790e-01  9.3870793e-02 
   340 :  8.5714084e-01  6.2537179e-02 
   341 :  7.5020465e-01  8.4417469e-01 
   342 :  8.5718360e-01  8.1258263e-01 
   343 :  5.7220621e-01  7.8374204e-01 
   344 :  3.5057980e-01  7.3203549e-01 
   345 :  2.0622536e-01  1.9471040e-01 
   346 :  3.2030089e-01  7.2769191e-02 
   347 :  5.7318916e-01  9.0936992e-01 
   348 :  8.2146325e-01  7.8132186e-01 
   349 :  5.7212816e-01  9.6986168e-01 
   350 :  7.5015672e-01  8.1283145e-01 
   351 :  1.4838136e-01  3.2119468e-01 
   352 :  4.9941622e-02  3.5228680e-01 
   353 :  9.8128898e-02  4.8048593e-01 
   354 :  3.0648625e-02  2.5354343e-01 
   355 :  8.2149291e-01  8.1263198e-01 
   356 :  6.4345153e-01  8.1387532e-01 
   357 :  7.8585659e-01  8.7528819e-01 
   358 :  8.9287077e-01  7.8127740e-01 
   359 :  9.2859080e-01  9.0628743e-01 
   360 :  9.6429268e-01  8.1251314e-01 
   361 :  7.8581515e-01  9.3769925e-01 
   362 :  8.5719685e-01  9.0635625e-01 
   363 :  8.5718416e-01  9.3758098e-01 
   364 :  9.6429475e-01  8.4376716e-01 
   365 :  8.9288260e-01  9.3754973e-01 
   366 :  6.7854859e-01  9.4203790e-02 
   367 :  1.6983281e-01  1.9310359e-01 
   368 :  9.2857078e-01  6.2513188e-02 
   369 :  7.4999019e-01  9.3938340e-02 
   370 :  6.6461799e-02  1.8431792e-01 
   371 :  6.8009923e-02  1.4727272e-01 
   372 :  2.8337803e-01  1.1201559e-01 
   373 :  2.1203481e-01  7.5648272e-02 
   374 :  7.4999651e-01  2.1883003e-01 
   375 :  8.9285595e-01  6.2522910e-02 
   376 :  8.5714099e-01  1.8753749e-01 
   377 :  2.0881082e-01  1.5368750e-01 
   378 :  4.2805888e-01  1.3468309e-01 
   379 :  1.0866488e-01  9.6495422e-01 
   380 :  1.1020439e-01  9.2982878e-01 
   381 :  2.2069229e-01  9.3320408e-01 
   382 :  1.4920202e-01  8.9566748e-01 
   383 :  7.1427380e-01  6.2722022e-02 
   384 :  6.0709931e-01  6.3302613e-02 
   385 :  8.5714014e-01  1.2505287e-01 
   386 :  5.0147294e-01  9.7055536e-01 
   387 :  4.6821369e-01  9.4169172e-01 
   388 :  4.3117456e-01  9.7078311e-01 
   389 :  4.6630138e-01  9.7077961e-01 
   390 :  5.3766304e-01  9.4041481e-01 
   391 :  5.3674437e-01  9.7021657e-01 
   392 :  6.4360993e-01  9.0770273e-01 
   393 :  8.2149346e-01  9.3762795e-01 
   394 :  2.6130830e-01  9.0247943e-01 
   395 :  2.8695672e-01  7.7136261e-01 
   396 :  1.8119084e-01  9.6590263e-01 
   397 :  9.2857058e-01  1.2501866e-01 
   398 :  4.9991146e-01  3.2613292e-02 
   399 :  7.1427076e-01  9.4042739e-02 
   400 :  5.7134347e-01  9.5395679e-02 
   401 :  5.0172391e-01  7.9237023e-01 
   402 :  5.3805571e-01  8.1916761e-01 
   403 :  5.3690674e-01  7.8621175e-01 
   404 :  7.8570833e-01  1.5637199e-01 
   405 :  3.5635041e-01  7.1055867e-02 
   406 :  2.8172235e-01  1.9166297e-01 
   407 :  3.5673166e-01  3.5482537e-02 
   408 :  5.3565613e-01  3.2194076e-02 
   409 :  3.1938958e-01  1.4718269e-01 
   410 :  3.6824856e-01  9.1081862e-01 
   411 :  1.5463551e-01  7.8703079e-01 
   412 :  1.8974066e-01  8.6253069e-01 
   413 :  8.2142446e-01  9.3827101e-02 
   414 :  5.3560964e-01  6.4303099e-02 
   415 :  7.4999219e-01  6.2643228e-02 
   416 :  2.0220537e-01  2.3792559e-01 
   417 :  3.3449289e-02  5.3032391e-01 
   418 :  3.4183744e-02  5.6681027e-01 
   419 :  6.6684696e-02  5.2475864e-01 
   420 :  1.3047545e-01  4.3093940e-01 
   421 :  2.4176902e-01  3.8821283e-01 
   422 :  4.2814780e-01  1.6762152e-01 
   423 :  1.4178139e-01  3.7489048e-02 
   424 :  3.1988771e-01  2.2666926e-01 
   425 :  5.7137481e-01  1.8899572e-01 
   426 :  9.2857065e-01  1.5626725e-01 
   427 :  6.7855048e-01  1.5671935e-01 
   428 :  1.1476092e-01  7.4810127e-01 
   429 :  6.9806736e-02  5.9924352e-01 
   430 :  3.5007878e-02  6.0326528e-01 
   431 :  4.6428561e-01  2.2458554e-01 
   432 :  2.4409345e-01  6.1201801e-01 
   433 :  1.9473853e-01  5.0541157e-01 
   434 :  2.2613264e-01  5.3941617e-01 
   435 :  2.2348402e-01  5.0243687e-01 
   436 :  2.8418304e-01  7.4211585e-02 
   437 :  4.2839905e-01  1.9981794e-01 
   438 :  2.6044620e-01  6.4812922e-01 
   439 :  1.1642862e-01  3.0878308e-01 
   440 :  6.1391980e-02  2.5766557e-01 
   441 :  1.0243771e-01  3.4590272e-01 
   442 :  2.8790125e-02  2.8868562e-01 
   443 :  7.8480425e-02  3.2986851e-01 
   444 :  4.6009544e-01  7.8205685e-01 
   445 :  4.2496523e-01  7.8735334e-01 
   446 :  4.3963530e-01  7.6960878e-01 
   447 :  3.2519561e-01  9.6920281e-01 
   448 :  2.5723978e-01  9.3494588e-01 
   449 :  2.4336201e-01  7.5684319e-01 
   450 :  3.7152489e-02  8.9323035e-01 
   451 :  7.8570922e-01  6.2592055e-02 
   452 :  1.3913191e-01  1.1307710e-01 
   453 :  2.1321122e-01  3.7689432e-02 
   454 :  3.6069934e-01  9.6995891e-01 
   455 :  1.9736174e-01  7.5065205e-01 
   456 :  3.1585758e-01  8.1351792e-01 
   457 :  6.9154736e-02  1.1030394e-01 
   458 :  6.0708635e-01  1.2620872e-01 
   459 :  3.9256985e-01  3.4640927e-02 
   460 :  1.0742004e-01  6.3305253e-01 
   461 :  1.0168784e-01  5.5722062e-01 
   462 :  1.0430855e-01  5.9508794e-01 
   463 :  2.3252172e-01  8.3126905e-01 
   464 :  1.5323449e-01  8.2416151e-01 
   465 :  3.3339319e-01  9.0840533e-01 
   466 :  6.7855323e-01  6.2842778e-02 
   467 :  9.2857105e-01  3.1257136e-02 
   468 :  4.6396934e-01  9.9117299e-02 
   469 :  6.3785360e-02  4.4959337e-01 
   470 :  1.8416773e-01  3.2999908e-01 
   471 :  2.5916900e-02  3.5452174e-01 
   472 :  2.4073924e-01  2.3940019e-01 
   473 :  3.9220098e-01  1.7292387e-01 
   474 :  4.6415272e-01  3.3164885e-02 
   475 :  1.1335258e-01  7.0978302e-01 
   476 :  1.1065055e-01  6.7129785e-01 
   477 :  3.1927010e-01  1.8589735e-01 
   478 :  5.3559667e-01  1.5917095e-01 
   479 :  6.0711845e-01  3.1676858e-02 
   480 :  3.2743794e-02  4.9377834e-01 
   481 :  5.7518328e-02  2.9259194e-01 
   482 :  2.5769281e-01  3.4820102e-01 
   483 :  6.0841924e-01  8.7756509e-01 
   484 :  8.5720119e-01  8.7511564e-01 
   485 :  9.2858634e-01  8.1252895e-01 
   486 :  7.1460424e-01  8.4441848e-01 
   487 :  6.0760928e-01  9.6955104e-01 
   488 :  7.4999093e-01  1.5644116e-01 
   489 :  7.5867113e-02  8.2186174e-01 
   490 :  2.2422745e-01  8.9966691e-01 
   491 :  2.1740989e-01  9.6660116e-01 
   492 :  8.2142568e-01  1.8755954e-01 
   493 :  8.9285562e-01  9.3779987e-02 
   494 :  5.0481112e-01  8.5352041e-01 
   495 :  5.3876172e-01  8.8060551e-01 
   496 :  5.3869123e-01  8.5029866e-01 
   497 :  4.2820554e-01  6.7641582e-02 
   498 :  9.6428536e-01  9.3757865e-02 
   499 :  1.5299085e-01  7.0864780e-01 
   500 :  4.3622661e-01  9.1317905e-01 
   501 :  3.5084591e-01  8.2148271e-01 
   502 :  6.7856122e-01  3.1433910e-02 
   503 :  1.0521543e-01  7.4377028e-02 
   504 :  3.2912226e-01  9.3863759e-01 
   505 :  7.3418236e-02  9.2927140e-01 
   506 :  3.7838263e-02  8.2154349e-01 
   507 :  5.7273992e-01  9.3967099e-01 
   508 :  5.0395040e-01  9.1186303e-01 
   509 :  5.3837435e-01  9.1057258e-01 
   510 :  2.8495854e-01  3.6974681e-02 
   511 :  7.5945282e-02  7.4844303e-01 
   512 :  3.0859268e-01  8.4371445e-01 
   513 :  5.2990411e-02  3.2447466e-01 
   514 :  6.0671600e-02  4.1254667e-01 
   515 :  4.7188620e-01  8.3015243e-01 
   516 :  4.7138286e-01  8.8453493e-01 
   517 :  4.7222538e-01  8.5685521e-01 
   518 :  7.1427195e-01  1.5654941e-01 
   519 :  1.4300637e-01  6.2934780e-01 
   520 :  8.9285567e-01  1.5628009e-01 
   521 :  3.4536711e-02  1.0872456e-01 
   522 :  4.6404163e-01  6.6240820e-02 
   523 :  4.6995326e-01  9.1288621e-01 
   524 :  1.3453199e-01  1.9046387e-01 
   525 :  7.0038069e-02  7.3454279e-02 
   526 :  1.4058840e-01  7.5127734e-02 
   527 :  4.4351564e-01  8.1116357e-01 
   528 :  7.4372772e-02  8.9373298e-01 
   529 :  5.7134071e-01  1.2687476e-01 
   530 :  6.4316457e-01  9.6930663e-01 
   531 :  6.0834585e-01  8.4639799e-01 
   532 :  8.9289328e-01  8.7507098e-01 
   533 :  7.1452995e-01  8.1302726e-01 
   534 :  6.7894361e-01  9.3821096e-01 
   535 :  6.4342766e-01  9.3855884e-01 
   536 :  2.2594799e-01  6.5996279e-01 
   537 :  4.0588720e-01  8.8440870e-01 
   538 :  2.5352267e-01  9.6743000e-01 
   539 :  6.7877717e-01  7.8172471e-01 
   540 :  1.7267346e-01  1.5301994e-01 
   541 :  4.9979435e-01  9.7445731e-02 
   542 :  1.7467743e-01  1.1394688e-01 
   543 :  5.7331214e-01  8.4794408e-01 
   544 :  2.8447099e-01  6.8420424e-01 
   545 :  1.3468872e-01  5.5245024e-01 
   546 :  3.6998290e-01  7.6985938e-01 
   547 :  2.2812684e-01  8.6579542e-01 
   548 :  1.3227434e-01  5.1378109e-01 
   549 :  6.9484982e-02  3.5055953e-01 
   550 :  9.9676707e-02  5.1914721e-01 
   551 :  8.5714039e-01  1.5629894e-01 
   552 :  4.2809018e-01  1.0129342e-01 
   553 :  8.9285601e-01  1.8752304e-01 
   554 :  3.3951148e-02  1.4504283e-01 
   555 :  6.0708817e-01  9.4827905e-02 
   556 :  2.9774422e-01  9.0551315e-01 
   557 :  1.4705097e-01  9.3063234e-01 
   558 :  7.8570760e-01  1.2513143e-01 
   559 :  6.4326026e-02  2.2126391e-01 
   560 :  1.9542824e-01  2.8368024e-01 
   561 :  1.5889854e-01  2.7711057e-01 
   562 :  4.0243861e-01  9.1247547e-01 
   563 :  1.8668053e-01  6.6530891e-01 
   564 :  2.3499039e-01  2.8969085e-01 
   565 :  3.1856661e-02  4.5725125e-01 
   566 :  1.6415510e-01  5.0914999e-01 
   567 :  3.5940984e-01  7.9473879e-01 
   568 :  7.8570988e-01  1.8759375e-01 
   569 :  3.5370459e-02  3.6214957e-02 
   570 :  1.6556672e-01  2.3444976e-01 
   571 :  2.8254652e-01  1.5086230e-01 
   572 :  7.2423277e-02  9.6466582e-01 
   573 :  3.9206256e-01  1.3849129e-01 
   574 :  7.5222376e-02  8.5796025e-01 
   575 :  4.1368927e-01  8.3191770e-01 
   576 :  9.6428536e-01  1.2500850e-01 
   577 :  2.3293601e-01  5.7589306e-01 
   578 :  4.6898524e-01  8.0490565e-01 
   579 :  2.4968848e-01  7.1022581e-01 
   580 :  3.6435183e-01  9.4017645e-01 
   581 :  4.9988345e-01  1.9166993e-01 
   582 :  5.4910706e-02  3.7989624e-01 
   583 :  9.2668324e-02  2.6295661e-01 
   584 :  6.4368227e-01  8.7667757e-01 
   585 :  9.6428540e-01  1.5625784e-01 
   586 :  9.6428554e-01  3.1253266e-02 
   587 :  3.9600381e-01  9.7050621e-01 
   588 :  6.4362853e-01  8.4541907e-01 
   589 :  2.4553321e-01  1.5307208e-01 
   590 :  3.9061688e-01  8.0279132e-01 
   591 :  2.2095477e-01  3.3781296e-01 
   592 :  1.6372096e-01  4.6913996e-01 
   593 :  1.1312369e-01  8.5881963e-01 
   594 :  2.4692218e-01  1.1357208e-01 
   595 :  3.7825398e-02  7.4915215e-01 
   596 :  4.2886887e-01  2.3084646e-01 
   597 :  2.3104022e-01  4.2684484e-01 
   598 :  5.3558177e-01  9.6235930e-02 
   599 :  1.9741346e-01  5.4353089e-01 
   600 :  7.4998979e-01  1.2520538e-01 
   601 :  6.4282908e-01  6.3026402e-02 
   602 :  3.1788384e-01  7.1175709e-01 
   603 :  8.2151288e-01  8.4392114e-01 
   604 :  3.2097563e-02  2.1761903e-01 
   605 :  7.1441656e-01  9.6900088e-01 
   606 :  7.5008478e-01  9.6891488e-01 
   607 :  7.8576896e-01  9.6885724e-01 
   608 :  8.2146374e-01  9.6881899e-01 
   609 :  8.5716520e-01  9.6879371e-01 
   610 :  8.9287088e-01  9.6877679e-01 
   611 :  9.2857949e-01  9.6876530e-01 
   612 :  9.6428960e-01  9.6875700e-01 
   613 :  7.8571198e-01  2.1880086e-01 
   614 :  8.2142706e-01  2.1878229e-01 
   615 :  8.5714187e-01  2.1877032e-01 
   616 :  8.9285654e-01  2.1876247e-01 
   617 :  9.2857111e-01  2.1875714e-01 
   618 :  9.6428559e-01  2.1875324e-01 
   619 :  3.6692437e-02  9.2887982e-01 
   620 :  3.6205089e-02  9.6445576e-01 
Number of edges 150 
     0 :      0      8 
     1 :      8     22 
     2 :     22     21 
     3 :     21     23 
     4 :     23     20 
     5 :     20     24 
     6 :     24     19 
     7 :     19     25 
     8 :     25     18 
     9 :     18     26 
    10 :     26     17 
    11 :     17     27 
    12 :     27     16 
    13 :     16     28 
    14 :     28     15 
    15 :     15     29 
    16 :     29     14 
    17 :     14     30 
    18 :     30     13 
    19 :     13     31 
    20 :     31     12 
    21 :     12     32 
    22 :     32     11 
    23 :     11     33 
    24 :     33     10 
    25 :     10     34 
    26 :     34      9 
    27 :      9      1 
    28 :      2     35 
    29 :     35     49 
    30 :     49     48 
    31 :     48     50 
    32 :     50     47 
    33 :     47     51 
    34 :     51     46 
    35 :     46     52 
    36 :     52     45 
    37 :     45     53 
    38 :     53     44 
    39 :     44     54 
    40 :     54     43 
    41 :     43     55 
    42 :     55     42 
    43 :     42     56 
    44 :     56     41 
    45 :     41     57 
    46 :     57     40 
    47 :     40     58 
    48 :     58     39 
    49 :     39     59 
    50 :     59     38 
    51 :     38     60 
    52 :     60     37 
    53 :     37     61 
    54 :     61     36 
    55 :     36      0 
    56 :      3     62 
    57 :     62     66 
    58 :     66     63 
    59 :     63     67 
    60 :     67     64 
    61 :     64     68 
    62 :     68     65 
    63 :     65      2 
    64 :      3     69 
    65 :     69     76 
    66 :     76     70 
    67 :     70     77 
    68 :     77     71 
    69 :     71     78 
    70 :     78     72 
    71 :     72     79 
    72 :     79     73 
    73 :     73     80 
    74 :     80     74 
    75 :     74     81 
    76 :     81     75 
    77 :     75      4 
    78 :      4     82 
    79 :     82     93 
    80 :     93     92 
    81 :     92     94 
    82 :     94     91 
    83 :     91     95 
    84 :     95     90 
    85 :     90     96 
    86 :     96     89 
    87 :     89     97 
    88 :     97     88 
    89 :     88     98 
    90 :     98     87 
    91 :     87     99 
    92 :     99     86 
    93 :     86    100 
    94 :    100     85 
    95 :     85    101 
    96 :    101     84 
    97 :     84    102 
    98 :    102     83 
    99 :     83      5 
   100 :      5    103 
   101 :    103    110 
   102 :    110    104 
   103 :    104    111 
   104 :    111    105 
   105 :    105    112 
   106 :    112    106 
   107 :    106    113 
   108 :    113    107 
   109 :    107    114 
   110 :    114    108 
   111 :    108    115 
   112 :    115    109 
   113 :    109      6 
   114 :      7    116 
   115 :    116    120 
   116 :    120    117 
   117 :    117    121 
   118 :    121    118 
   119 :    118    122 
   120 :    122    119 
   121 :    119      6 
   122 :      1    123 
   123 :    123    137 
   124 :    137    136 
   125 :    136    138 
   126 :    138    135 
   127 :    135    139 
   128 :    139    134 
   129 :    134    140 
   130 :    140    133 
   131 :    133    141 
   132 :    141    132 
   133 :    132    142 
   134 :    142    131 
   135 :    131    143 
   136 :    143    130 
   137 :    130    144 
   138 :    144    129 
   139 :    129    145 
   140 :    145    128 
   141 :    128    146 
   142 :    146    127 
   143 :    127    147 
   144 :    147    126 
   145 :    126    148 
   146 :    148    125 
   147 :    125    149 
   148 :    149    124 
   149 :    124      7 
Number of quads 545 
     0 :    466    383    399    366
     1 :    242    283    375    340
     2 :    271    593    296    382
     3 :    556    254    266    465
     4 :    215    229    546    567
     5 :    619    450    528    505
     6 :    300    159    343    190
     7 :    605    299    534    210
     8 :    606    605    210    236
     9 :    392    298    483    584
    10 :    180    183    342    211
    11 :    335    246     79     72
    12 :    321    311    185    320
    13 :    288    184    357    178
    14 :    231    230    212    451
    15 :    141    132    459    407
    16 :    492    376    615    614
    17 :    267    427    193    232
    18 :    147    126    230    231
    19 :    307    310    103      5
    20 :    310    308    110    103
    21 :    441    443    166    439
    22 :    597     87     98    277
    23 :    482     86     99    421
    24 :     67    297    364     63
    25 :    358    248     77     70
    26 :    185    209    179    486
    27 :    531    543    159    300
    28 :    137    136    161    292
    29 :    308    316    104    110
    30 :    316    314    111    104
    31 :    370    284    206    559
    32 :    541    598    195    250
    33 :    317    319     85    100
    34 :    319    318    101     85
    35 :    479    176    601    384
    36 :    341    486    533    350
    37 :    487    349    507    312
    38 :    348    186     78     71
    39 :    584    483    531    588
    40 :    151    231    451    415
    41 :    284    524    168    206
    42 :    573    378    422    473
    43 :    569    292    525    274
    44 :    314    328    105    111
    45 :    328    326    112    105
    46 :     34    274    521     10
    47 :    188    330    331    329
    48 :    329    331     18     26
    49 :    331    295     25     18
    50 :    330    189    295    331
    51 :    381    490    394    448
    52 :    544    438     90     95
    53 :    347    509    495    247
    54 :    237    180    211    485
    55 :    486    179    337    533
    56 :    238    362    484    532
    57 :    278    269    524    284
    58 :    408    325    239    414
    59 :    472    221    317    564
    60 :    359    238    532    182
    61 :    530    487    312    535
    62 :    298    347    247    483
    63 :    247    495    496    543
    64 :    544     95     91    602
    65 :    171    602    344    229
    66 :    222    244    225    537
    67 :    437    150    431    596
    68 :    167    194    618    617
    69 :    252    453    373    191
    70 :    275    596    102     84
    71 :    404    220    492    568
    72 :    190    343     81     74
    73 :     54     43    391    349
    74 :    485    211    358    302
    75 :    607    606    236    361
    76 :    534    535    392    336
    77 :    299    530    535    534
    78 :    535    312    298    392
    79 :    183    603    355    342
    80 :    459    251    497    205
    81 :    526    191    542    452
    82 :    354    604    559    440
    83 :    259     14     30    471
    84 :    440    559    206    583
    85 :    153    276    175    592
    86 :    159    402    403    343
    87 :     68    322    249     64
    88 :     53     44    487    530
    89 :    157    350    335    186
    90 :     64    249    297     67
    91 :     66    360    181     62
    92 :    302    358     70     76
    93 :    611    610    365    301
    94 :    184    321    320    357
    95 :    357    320    341    289
    96 :    337    356    313    539
    97 :     45     53    530    299
    98 :    539    313     80     73
    99 :     44     54    349    487
   100 :    186    335     72     78
   101 :    483    247    543    531
   102 :    216    406    221    472
   103 :    493    200    397    279
   104 :    195    529    218    478
   105 :    346    405    204    291
   106 :    162    151    415    383
   107 :    554    371    370    228
   108 :    406    477    424    221
   109 :    213    573    473    324
   110 :    372    291    409    571
   111 :    369    339    558    600
   112 :    376    553    616    615
   113 :    436    346    291    372
   114 :    106    112    326    374
   115 :    581    201    310    307
   116 :    202    414    598    541
   117 :    498    117    121    576
   118 :    290    120    117    498
   119 :    145    128    502    176
   120 :    127    147    231    151
   121 :    144    129    479    325
   122 :    465    266    222    410
   123 :    501    567    590    333
   124 :    454    580    172    587
   125 :    113    106    374    613
   126 :    458    270    267    163
   127 :    400    555    458    529
   128 :     56    388    389     42
   129 :     42    389    386     55
   130 :    389    387    156    386
   131 :    388    196    387    389
   132 :     55    386    391     43
   133 :    248    348     71     77
   134 :    588    531    300    356
   135 :    386    156    390    391
   136 :    362    288    178    484
   137 :    360    485    302    181
   138 :    608    607    361    393
   139 :    311    336    209    185
   140 :    379    380    557    272
   141 :    557    382    233    227
   142 :    172    562    500    196
   143 :    464    411    245    294
   144 :    518    488    217    305
   145 :    269    540    367    524
   146 :    305    217    374    326
   147 :    543    496    402    159
   148 :     75    403    401      4
   149 :    403    402    199    401
   150 :     52     45    299    605
   151 :    303    407    405    346
   152 :    520    426    167    553
   153 :    309    436    372    594
   154 :    576    121    118    585
   155 :    345    216    472    416
   156 :    219    385    551    220
   157 :    129    145    176    479
   158 :    200    498    576    397
   159 :    425    192    316    308
   160 :    228    370    559    604
   161 :    490    547    208    394
   162 :    334    207    411    464
   163 :    511    189    475    428
   164 :    409    213    324    477
   165 :    375    368    200    493
   166 :    218    163    192    425
   167 :    339    413    219    558
   168 :    589    571    406    216
   169 :    503    526    452    160
   170 :    417    418     27     16
   171 :    417    419    155    418
   172 :    260    420    165    235
   173 :    351    439    264    561
   174 :    482    317    100     86
   175 :    565     15     29    154
   176 :    591    482    421    174
   177 :    597    421     99     87
   178 :    488    404    568    217
   179 :    600    558    404    488
   180 :    128    146    162    502
   181 :    522    202    541    468
   182 :    148    125    283    242
   183 :    367    345    416    570
   184 :    169    338    518    427
   185 :    377    589    216    345
   186 :    474    398    202    522
   187 :    140    133    303    510
   188 :    601    466    366    268
   189 :    291    204    213    409
   190 :    411    273    455    245
   191 :    528    574    593    271
   192 :    333    590    234    575
   193 :    155    429    430    418
   194 :    418    430     17     27
   195 :    430    329     26     17
   196 :    429    188    329    430
   197 :    451    212    413    339
   198 :    585    118    122    194
   199 :    431    307      5     83
   200 :    453    240    309    373
   201 :    434    435     88     97
   202 :    579    544    602    171
   203 :    276    174    421    597
   204 :    435    433    175    277
   205 :    187    281    599    280
   206 :    139    134    240    453
   207 :    405    205    304    204
   208 :    558    219    220    404
   209 :    542    323    377    540
   210 :    286     92     93    332
   211 :     90    438    432     96
   212 :    546    286    332    170
   213 :    229    344    286    546
   214 :    351    561    560    470
   215 :    480     28     15    565
   216 :    481    513    265    442
   217 :    583    166    481    440
   218 :    260    351    470    198
   219 :    354    442     31     12
   220 :    260    198    153    420
   221 :    394    208    254    556
   222 :    203    445    446    444
   223 :    444    446     82      4
   224 :    446    332     93     82
   225 :    445    170    332    446
   226 :     59    491    538     39
   227 :    506    214    253    489
   228 :    294    245    152    463
   229 :    207    428    273    411
   230 :    562    537    197    500
   231 :    243    395    215    456
   232 :    296    464    294    412
   233 :    489    253    207    334
   234 :     38    396    491     59
   235 :    574    489    334    593
   236 :    273    499    287    455
   237 :     10    521    554     33
   238 :    161    423    526    503
   239 :    163    267    232    192
   240 :    315    306    275    318
   241 :    253    511    428    207
   242 :    593    334    464    296
   243 :    266    293    244    222
   244 :    204    304    573    213
   245 :    570    416    560    561
   246 :    285    250    177    241
   247 :    268    366    169    270
   248 :    188    429    462    460
   249 :    262    462    461    545
   250 :     24     19    595    214
   251 :    429    155    461    462
   252 :    152    449    395    243
   253 :     58    263    447     40
   254 :    245    455    449    152
   255 :    505    528    271    380
   256 :    205    497    552    304
   257 :    221    424    319    317
   258 :    427    518    305    193
   259 :      9    569    274     34
   260 :    235    514    582    224
   261 :    582    259    471    352
   262 :    154     29     14    259
   263 :    353    164    469    165
   264 :    212    340    327    413
   265 :    192    232    314    316
   266 :    274    525    457    521
   267 :    478    218    425    201
   268 :    189    330    476    475
   269 :    620    619    505    572
   270 :    330    188    460    476
   271 :    373    309    594    323
   272 :    239    384    555    400
   273 :    521    457    371    554
   274 :    130    144    325    408
   275 :    224    582    352    549
   276 :    591    564    317    482
   277 :    440    481    442    354
   278 :     63    364    360     66
   279 :    365    363    362    238
   280 :    603    289    157    355
   281 :    179    588    356    337
   282 :    182    532    180    237
   283 :    209    584    588    179
   284 :     65    612    322     68
   285 :    304    552    378    573
   286 :    468    541    250    285
   287 :    133    141    407    303
   288 :    385    279    520    551
   289 :    380    271    382    557
   290 :     37    379    272     60
   291 :    491    381    448    538
   292 :    226    243    456    512
   293 :    555    268    270    458
   294 :    366    399    338    169
   295 :    423    252    191    526
   296 :    199    402    496    494
   297 :    494    496    495    158
   298 :    356    300    190    313
   299 :    289    341    350    157
   300 :    201    425    308    310
   301 :    142    131    474    251
   302 :    132    142    251    459
   303 :    568    492    614    613
   304 :    577    434     97     89
   305 :    545    461    550    548
   306 :    447    504    580    454
   307 :    455    287    579    449
   308 :     60    272    396     38
   309 :    512    456    501    293
   310 :    551    520    553    376
   311 :    240    510    436    309
   312 :    450    261    574    528
   313 :    547    463    226    208
   314 :    504    465    410    580
   315 :    572    505    380    379
   316 :    236    210    311    321
   317 :    610    609    363    365
   318 :    509    508    158    495
   319 :    390    156    508    509
   320 :    552    468    285    378
   321 :    415    451    339    369
   322 :    306    437    596    275
   323 :     20     24    214    506
   324 :    538    448    173    263
   325 :     23     20    506    261
   326 :    395    171    229    215
   327 :    513    352    471    265
   328 :    260    441    439    351
   329 :    441    224    549    443
   330 :    419    417    480    164
   331 :    158    516    517    494
   332 :    494    517    515    199
   333 :    517    255    223    515
   334 :    516    197    255    517
   335 :    143    130    408    398
   336 :    524    367    570    168
   337 :    150    581    307    431
   338 :    131    143    398    474
   339 :    187    262    545    281
   340 :    579    536    438    544
   341 :    416    472    564    560
   342 :    270    169    427    267
   343 :    220    551    376    492
   344 :    156    387    523    508
   345 :    508    523    516    158
   346 :    523    500    197    516
   347 :    387    196    500    523
   348 :    340    375    493    327
   349 :    398    408    414    202
   350 :    399    369    600    338
   351 :    214    595    511    253
   352 :    590    170    445    234
   353 :    456    215    567    501
   354 :     36    620    572     61
   355 :    160    452    269    278
   356 :    283    467    368    375
   357 :    322    301    359    249
   358 :    355    157    186    348
   359 :    532    484    183    180
   360 :    178    357    289    603
   361 :    312    507    347    298
   362 :    350    533    246    335
   363 :    363    393    288    362
   364 :    364    237    485    360
   365 :    320    185    486    341
   366 :    612    611    301    322
   367 :    336    392    584    209
   368 :    382    296    412    233
   369 :     57    454    587     41
   370 :    463    152    243    226
   371 :    342    355    348    248
   372 :     62    181     69      3
   373 :    484    178    603    183
   374 :    249    359    182    297
   375 :    168    570    561    264
   376 :    525    503    160    457
   377 :    230    242    340    212
   378 :    246    539     73     79
   379 :    533    337    539    246
   380 :    349    391    390    507
   381 :    297    182    237    364
   382 :    281    566    433    599
   383 :    256    499    475    476
   384 :    599    433    435    434
   385 :    595    295    189    511
   386 :    537    225    255    197
   387 :    344     94     92    286
   388 :    280    599    434    577
   389 :    420    258    353    165
   390 :    419    550    461    155
   391 :    265    471     30     13
   392 :    384    601    268    555
   393 :    251    474    522    497
   394 :    426    585    194    167
   395 :    135    139    453    252
   396 :    514    154    259    582
   397 :    232    193    328    314
   398 :    467    586    290    368
   399 :     41    587    388     56
   400 :    410    222    537    562
   401 :     22     21    450    619
   402 :    448    394    556    173
   403 :    497    522    468    552
   404 :    510    303    346    436
   405 :    502    162    383    466
   406 :    176    502    466    601
   407 :    407    459    205    405
   408 :    323    594    589    377
   409 :    272    557    227    396
   410 :    580    410    562    172
   411 :     19     25    295    595
   412 :    198    174    276    153
   413 :    571    409    477    406
   414 :    457    160    278    371
   415 :    123    137    292    569
   416 :    327    493    279    385
   417 :    126    148    242    230
   418 :    414    239    400    598
   419 :    442    265     13     31
   420 :    166    443    513    481
   421 :    136    138    423    161
   422 :     12     32    604    354
   423 :    439    166    583    264
   424 :    443    549    352    513
   425 :    287    499    256    563
   426 :    254    512    293    266
   427 :    173    556    465    504
   428 :    263    173    504    447
   429 :    250    195    478    177
   430 :    279    397    426    520
   431 :    540    377    345    367
   432 :    177    478    201    581
   433 :    191    373    323    542
   434 :    371    278    284    370
   435 :    193    305    326    328
   436 :    424    315    318    319
   437 :    553    167    617    616
   438 :    261    506    489    574
   439 :    396    227    381    491
   440 :    579    287    563    536
   441 :    602     91     94    344
   442 :    598    400    529    195
   443 :    125    149    467    283
   444 :    428    475    499    273
   445 :    225    575    223    255
   446 :    368    290    498    200
   447 :    292    161    503    525
   448 :    194    122    119    618
   449 :    473    422    437    306
   450 :    146    127    151    162
   451 :    124      7    116    586
   452 :    577     89     96    432
   453 :    256    476    460    519
   454 :    203    444    578    527
   455 :    527    578    515    223
   456 :    578    401    199    515
   457 :    444      4    401    578
   458 :    575    234    527    223
   459 :     40    447    454     57
   460 :    563    282    257    536
   461 :    244    333    575    225
   462 :    536    257    432    438
   463 :    567    546    170    590
   464 :    325    479    384    239
   465 :    470    560    564    591
   466 :    258    548    550    353
   467 :    592    175    433    566
   468 :    165    469    514    235
   469 :    417     16     28    480
   470 :    198    470    591    174
   471 :    181    302     76     69
   472 :    393    361    184    288
   473 :    507    390    509    347
   474 :    586    116    120    290
   475 :    383    415    369    399
   476 :    217    568    613    374
   477 :    529    458    163    218
   478 :      1    123    569      9
   479 :    449    579    171    395
   480 :     21     23    261    450
   481 :     39    538    263     58
   482 :    313    190     74     80
   483 :    343    403     75     81
   484 :    211    342    248    358
   485 :    301    365    238    359
   486 :    422    241    150    437
   487 :    397    576    585    426
   488 :    233    412    547    490
   489 :    234    445    203    527
   490 :    587    172    196    388
   491 :    257    280    577    432
   492 :    258    592    566    548
   493 :    260    235    224    441
   494 :    281    545    548    566
   495 :    583    206    168    264
   496 :    134    140    510    240
   497 :    469    565    154    514
   498 :    293    501    333    244
   499 :     61    572    379     37
   500 :     33    554    228     11
   501 :    378    285    241    422
   502 :    413    327    385    219
   503 :    208    226    512    254
   504 :    227    233    490    381
   505 :    412    294    463    547
   506 :    275     84    101    318
   507 :    596    431     83    102
   508 :     98     88    435    277
   509 :    550    419    164    353
   510 :    277    175    276    597
   511 :    149    124    586    467
   512 :    338    600    488    518
   513 :    477    324    315    424
   514 :    282    187    280    257
   515 :    282    519    262    187
   516 :    519    460    462    262
   517 :    594    372    571    589
   518 :    420    153    592    258
   519 :    452    542    540    269
   520 :    164    480    565    469
   521 :    138    135    252    423
   522 :    563    256    519    282
   523 :    361    236    321    184
   524 :    609    608    393    363
   525 :    210    534    336    311
   526 :    324    473    306    315
   527 :     11    228    604     32
   528 :    241    177    581    150
   529 :     46     52    605    606
   530 :     51     46    606    607
   531 :     47     51    607    608
   532 :     50     47    608    609
   533 :     48     50    609    610
   534 :     49     48    610    611
   535 :     35     49    611    612
   536 :      2     35    612     65
   537 :    107    113    613    614
   538 :    114    107    614    615
   539 :    108    114    615    616
   540 :    115    108    616    617
   541 :    109    115    617    618
   542 :      6    109    618    119
   543 :      8     22    619    620
   544 :      0      8    620     36
Number of domains 8
  Domain :      0 
  Name : Symmetry
  Number of elements :     28
     0     1     2     3     4     5     6     7     8     9
    10    11    12    13    14    15    16    17    18    19
    20    21    22    23    24    25    26    27
  Domain :      1 
  Name : Top
  Number of elements :     28
    28    29    30    31    32    33    34    35    36    37
    38    39    40    41    42    43    44    45    46    47
    48    49    50    51    52    53    54    55
  Domain :      2 
  Name : Entity 2 
  Number of elements :      8
    56    57    58    59    60    61    62    63
  Domain :      3 
  Name : Entity 3 
  Number of elements :     14
    64    65    66    67    68    69    70    71    72    73
    74    75    76    77
  Domain :      4 
  Name : Entity 4 
  Number of elements :     22
    78    79    80    81    82    83    84    85    86    87
    88    89    90    91    92    93    94    95    96    97
    98    99
  Domain :      5 
  Name : Entity 5 
  Number of elements :     14
   100   101   102   103   104   105   106   107   108   109
   110   111   112   113
  Domain :      6 
  Name : Entity 6 
  Number of elements :      8
   114   115   116   117   118   119   120   121
  Domain :      7 
  Name : Bottom
  Number of elements :     28
   122   123   124   125   126   127   128   129   130   131
   132   133   134   135   136   137   138   139   140   141
   142   143   144   145   146   147   148   149
